{
 "cells": [
  {
   "cell_type": "markdown",
   "metadata": {},
   "source": [
    "# Test MH harmonic"
   ]
  },
  {
   "cell_type": "code",
   "execution_count": 76,
   "metadata": {},
   "outputs": [],
   "source": [
    "import os, sys, time\n",
    "import argparse\n",
    "from collections import namedtuple\n",
    "import numpy as np\n",
    "import matplotlib.pyplot as plt\n",
    "from getdist import plots, MCSamples\n",
    "import scipy\n",
    "import healpy as hp\n",
    "import astropy.io.fits as fits\n",
    "import camb\n",
    "import jax\n",
    "import jax.numpy as jnp\n",
    "import jax.scipy as jsp\n",
    "import jax_healpy as jhp\n",
    "import jax.random as random\n",
    "import toml\n",
    "import numpyro\n",
    "from functools import partial\n",
    "import micmac\n",
    "from micmac import *\n",
    "from fgbuster.observation_helpers import *\n",
    "\n",
    "from jax import config\n",
    "current_path = os.path.abspath('')\n",
    "sys.path.append(current_path)\n",
    "sys.path.append(os.path.dirname(os.path.dirname(current_path))+'/tutorials/')\n",
    "\n",
    "config.update(\"jax_enable_x64\", True)"
   ]
  },
  {
   "cell_type": "code",
   "execution_count": 2,
   "metadata": {},
   "outputs": [],
   "source": [
    "path_home_test_playground = os.path.dirname(current_path) + '/'"
   ]
  },
  {
   "cell_type": "code",
   "execution_count": 3,
   "metadata": {},
   "outputs": [],
   "source": [
    "working_directory_path = os.path.abspath('') + '/'\n",
    "directory_save_file = working_directory_path + 'save_directory/'\n",
    "directory_toml_file = working_directory_path + 'main_params/'\n",
    "directory_additional_params = working_directory_path + 'additional_params/'\n",
    "\n",
    "# path_toml_file = directory_toml_file + 'test_full_chain_v1a.toml'\n",
    "# path_toml_file = directory_toml_file + 'test_classical_chain_v1a.toml'\n"
   ]
  },
  {
   "cell_type": "code",
   "execution_count": 4,
   "metadata": {},
   "outputs": [],
   "source": [
    "num_jobs = 1\n",
    "file_ver = 'corr_fullsky_LB_d0s0_nside0_v109_v1a_{}_{}'\n",
    "path_additional_params = directory_additional_params + 'add_corr_fullsky_LB_d0s0_nside0_v1a.toml'\n",
    "## "
   ]
  },
  {
   "cell_type": "code",
   "execution_count": 40,
   "metadata": {},
   "outputs": [],
   "source": [
    "# save_chains = False\n",
    "save_chains = True"
   ]
  },
  {
   "cell_type": "code",
   "execution_count": 6,
   "metadata": {},
   "outputs": [],
   "source": [
    "# reduction_Fisher = 10\n",
    "reduction_Fisher = 100"
   ]
  },
  {
   "cell_type": "code",
   "execution_count": 7,
   "metadata": {},
   "outputs": [
    {
     "name": "stdout",
     "output_type": "stream",
     "text": [
      "Using toml file:  corr_fullsky_LB_v1a.toml\n"
     ]
    }
   ],
   "source": [
    "with open(path_additional_params) as f:\n",
    "    dictionary_additional_parameters = toml.load(f)\n",
    "f.close()\n",
    "\n",
    "reduction_noise = dictionary_additional_parameters['reduction_noise']\n",
    "fgs_model = dictionary_additional_parameters['fgs_model']\n",
    "use_mask = dictionary_additional_parameters['use_mask']\n",
    "use_nhits = dictionary_additional_parameters['use_nhits']\n",
    "name_toml = dictionary_additional_parameters['name_toml']\n",
    "seed_realization_input = dictionary_additional_parameters['seed_realization_input']\n",
    "\n",
    "print(\"Using toml file: \", name_toml)"
   ]
  },
  {
   "cell_type": "code",
   "execution_count": 8,
   "metadata": {},
   "outputs": [],
   "source": [
    "path_toml_file = directory_toml_file + name_toml"
   ]
  },
  {
   "cell_type": "code",
   "execution_count": 9,
   "metadata": {},
   "outputs": [
    {
     "name": "stdout",
     "output_type": "stream",
     "text": [
      "No spatial variability case\n"
     ]
    },
    {
     "name": "stdout",
     "output_type": "stream",
     "text": [
      "\n",
      ">>> Tree of spv config as passed by the User:\n",
      "root\n",
      "  nside_spv\n",
      "    default: [0]\n",
      "    f0\n",
      "      default: None\n",
      "      b0\n",
      "        default: None\n",
      "      b1\n",
      "        default: None\n",
      "      b2\n",
      "        default: None\n",
      "      b3\n",
      "        default: None\n",
      "      b4\n",
      "        default: None\n",
      "      b5\n",
      "        default: None\n",
      "      b6\n",
      "        default: None\n",
      "      b7\n",
      "        default: None\n",
      "      b8\n",
      "        default: None\n",
      "      b9\n",
      "        default: None\n",
      "      b10\n",
      "        default: None\n",
      "      b11\n",
      "        default: None\n",
      "      b12\n",
      "        default: None\n",
      "    f1\n",
      "      default: None\n",
      "      b0\n",
      "        default: None\n",
      "      b1\n",
      "        default: None\n",
      "      b2\n",
      "        default: None\n",
      "      b3\n",
      "        default: None\n",
      "      b4\n",
      "        default: None\n",
      "      b5\n",
      "        default: None\n",
      "      b6\n",
      "        default: None\n",
      "      b7\n",
      "        default: None\n",
      "      b8\n",
      "        default: None\n",
      "      b9\n",
      "        default: None\n",
      "      b10\n",
      "        default: None\n",
      "      b11\n",
      "        default: None\n",
      "      b12\n",
      "        default: None\n",
      "\n",
      ">>> Tree of spv config after filling the missing values:\n",
      "root\n",
      "  nside_spv\n",
      "    default: [0]\n",
      "    f0\n",
      "      default: [0]\n",
      "      b0\n",
      "        default: [0]\n",
      "      b1\n",
      "        default: [0]\n",
      "      b2\n",
      "        default: [0]\n",
      "      b3\n",
      "        default: [0]\n",
      "      b4\n",
      "        default: [0]\n",
      "      b5\n",
      "        default: [0]\n",
      "      b6\n",
      "        default: [0]\n",
      "      b7\n",
      "        default: [0]\n",
      "      b8\n",
      "        default: [0]\n",
      "      b9\n",
      "        default: [0]\n",
      "      b10\n",
      "        default: [0]\n",
      "      b11\n",
      "        default: [0]\n",
      "      b12\n",
      "        default: [0]\n",
      "    f1\n",
      "      default: [0]\n",
      "      b0\n",
      "        default: [0]\n",
      "      b1\n",
      "        default: [0]\n",
      "      b2\n",
      "        default: [0]\n",
      "      b3\n",
      "        default: [0]\n",
      "      b4\n",
      "        default: [0]\n",
      "      b5\n",
      "        default: [0]\n",
      "      b6\n",
      "        default: [0]\n",
      "      b7\n",
      "        default: [0]\n",
      "      b8\n",
      "        default: [0]\n",
      "      b9\n",
      "        default: [0]\n",
      "      b10\n",
      "        default: [0]\n",
      "      b11\n",
      "        default: [0]\n",
      "      b12\n",
      "        default: [0]\n"
     ]
    }
   ],
   "source": [
    "MICMAC_sampler_obj = micmac.create_MICMAC_sampler_from_toml_file(path_toml_file)\n"
   ]
  },
  {
   "cell_type": "code",
   "execution_count": 10,
   "metadata": {},
   "outputs": [
    {
     "name": "stdout",
     "output_type": "stream",
     "text": [
      "Read from:  /Users/mag/Documents/PHD1Y/Space_Work/Pixel_non_P2D/MICMAC/test_playground/Fisher_matrix_LiteBIRD_EB_model_d0s0_noise_True_seed_42_lmin2_lmax128_v2.txt\n"
     ]
    }
   ],
   "source": [
    "fgs_model_ = 'd0s0'\n",
    "instr_name = MICMAC_sampler_obj.instrument_name #'SO_SAT'\n",
    "\n",
    "path_Fisher = path_home_test_playground + f'Fisher_matrix_{MICMAC_sampler_obj.instrument_name}_EB_model_{fgs_model_}_noise_True_seed_42_lmin2_lmax128_v2.txt'\n",
    "try :\n",
    "    Fisher_matrix = np.loadtxt(path_Fisher)\n",
    "    print(\"Read from: \", path_Fisher)\n",
    "except:\n",
    "    print(\"Fisher matrix not found !\", flush=True)\n",
    "    Fisher_matrix = np.loadtxt(path_home_test_playground + f'Fisher_matrix_{MICMAC_sampler_obj.instrument_name}_EB_model_d0s0_noise_True_seed_42_lmin2_lmax128.txt')\n"
   ]
  },
  {
   "cell_type": "code",
   "execution_count": 11,
   "metadata": {},
   "outputs": [],
   "source": [
    "directory_mask = \"/Users/mag/Documents/PHD1Y/Masks/\"\n",
    "path_mask = directory_mask + \"mask_SAT_apodized.fits\"\n",
    "\n",
    "if use_mask:\n",
    "    apod_mask = hp.ud_grade(hp.read_map(path_mask),nside_out=MICMAC_sampler_obj.nside)\n",
    "\n",
    "    template_mask = np.copy(apod_mask)\n",
    "    if use_nhits:\n",
    "        template_mask[template_mask<relative_treshold] = 0\n",
    "        inverse_nhits_mask = np.copy(template_mask)\n",
    "        inverse_nhits_mask[template_mask>0] = 1/template_mask[template_mask>0]\n",
    "\n",
    "        mask = np.copy(template_mask)\n",
    "        mask[template_mask>0] = 1\n",
    "        mask[template_mask==0] = 0\n",
    "    else:\n",
    "        mask = np.copy(apod_mask)\n",
    "        mask[apod_mask>0] = 1\n",
    "        mask[apod_mask==0] = 0\n",
    "        template_mask = mask\n",
    "else:\n",
    "    template_mask = np.ones_like(MICMAC_sampler_obj.mask)"
   ]
  },
  {
   "cell_type": "code",
   "execution_count": 12,
   "metadata": {},
   "outputs": [],
   "source": [
    "# get instrument from public database\n",
    "instrument = get_instrument(instr_name)\n",
    "depth_p_array = np.array(instrument['depth_p'])/dictionary_additional_parameters['reduction_noise']"
   ]
  },
  {
   "cell_type": "code",
   "execution_count": 13,
   "metadata": {},
   "outputs": [
    {
     "name": "stdout",
     "output_type": "stream",
     "text": [
      "No spatial variability case\n"
     ]
    }
   ],
   "source": [
    "covariance_B_f_to_use = np.linalg.inv(Fisher_matrix)[:-1, :-1]/reduction_Fisher\n",
    "# covariance_B_f_to_use = np.linalg.inv(Fisher_matrix)[:-1, :-1]/100\n",
    "\n",
    "MICMAC_Harm_obj = create_Harmonic_MICMAC_sampler_from_MICMAC_sampler_obj(MICMAC_sampler_obj, depth_p_array,\n",
    "                                                    covariance_B_f=covariance_B_f_to_use)\n",
    "\n",
    "MICMAC_Harm_obj.step_size_r = np.sqrt(np.linalg.inv(Fisher_matrix)[-1, -1])"
   ]
  },
  {
   "cell_type": "code",
   "execution_count": 14,
   "metadata": {},
   "outputs": [
    {
     "name": "stderr",
     "output_type": "stream",
     "text": [
      "OMP: Info #276: omp_set_nested routine deprecated, please use omp_set_max_active_levels instead.\n"
     ]
    },
    {
     "name": "stdout",
     "output_type": "stream",
     "text": [
      "Calculating spectra from CAMB !\n",
      "Calculating spectra from CAMB !\n"
     ]
    }
   ],
   "source": [
    "NSIDE = MICMAC_Harm_obj.nside\n",
    "\n",
    "noise_seed = MICMAC_Harm_obj.seed\n",
    "# instr_name = MICMAC_Harm_obj.instrument_name\n",
    "\n",
    "# # get instrument from public database\n",
    "# instrument = get_instrument(instr_name)\n",
    "\n",
    "# get input freq maps\n",
    "np.random.seed(noise_seed)\n",
    "\n",
    "freq_maps_fgs = get_observation(instrument, fgs_model, nside=NSIDE, noise=True)[:, 1:, :]   # keep only Q and U\n",
    "\n",
    "_, _, theoretical_red_cov_r0_total, theoretical_red_cov_r1_tensor = MICMAC_Harm_obj.generate_input_freq_maps_from_fgs(freq_maps_fgs, return_only_freq_maps=False)\n",
    "\n",
    "theoretical_r0_total = micmac.get_c_ells_from_red_covariance_matrix(theoretical_red_cov_r0_total)#[partial_indices_polar,:]\n",
    "theoretical_r1_tensor = micmac.get_c_ells_from_red_covariance_matrix(theoretical_red_cov_r1_tensor)#[partial_indices_polar,:]\n",
    "\n",
    "indices_polar = np.array([1,2,4])\n",
    "partial_indices_polar = indices_polar[:MICMAC_Harm_obj.nstokes]\n"
   ]
  },
  {
   "cell_type": "markdown",
   "metadata": {},
   "source": [
    "## Retrieving input map"
   ]
  },
  {
   "cell_type": "code",
   "execution_count": 15,
   "metadata": {},
   "outputs": [],
   "source": [
    "initial_freq_maps = []\n",
    "input_cmb_maps = []\n",
    "MICMAC_all_r_samples = []\n",
    "MICMAC_all_params_mixing_matrix_samples = []\n",
    "\n",
    "for job in range(num_jobs):\n",
    "    initial_freq_maps_path = directory_save_file+file_ver.format(job,num_jobs)+'_initial_data.npy'\n",
    "    initial_freq_maps.append(np.load(initial_freq_maps_path))\n",
    "\n",
    "    initial_cmb_maps_path = directory_save_file+file_ver.format(job,num_jobs)+'_initial_cmb_data.npy'\n",
    "    input_cmb_maps.append(np.load(initial_cmb_maps_path))\n",
    "\n",
    "    if MICMAC_sampler_obj.sample_r_Metropolis:\n",
    "        all_r_samples_path = directory_save_file+file_ver.format(job,num_jobs)+'_all_r_samples.npy'\n",
    "        MICMAC_all_r_samples.append(np.load(all_r_samples_path))\n",
    "\n",
    "    all_params_mixing_matrix_samples_path = directory_save_file+file_ver.format(job,num_jobs)+'_all_params_mixing_matrix_samples.npy'\n",
    "    MICMAC_all_params_mixing_matrix_samples.append(np.load(all_params_mixing_matrix_samples_path))\n",
    "\n",
    "initial_freq_maps = np.array(initial_freq_maps)\n",
    "input_cmb_maps = np.array(input_cmb_maps)\n",
    "if MICMAC_sampler_obj.sample_r_Metropolis:\n",
    "    MICMAC_all_r_samples = np.array(MICMAC_all_r_samples)\n",
    "MICMAC_all_params_mixing_matrix_samples = np.array(MICMAC_all_params_mixing_matrix_samples)"
   ]
  },
  {
   "cell_type": "code",
   "execution_count": 16,
   "metadata": {},
   "outputs": [],
   "source": [
    "f_sky = np.sum(template_mask)/len(template_mask)\n",
    "\n",
    "input_freq_maps = initial_freq_maps[0]*template_mask/np.sqrt(f_sky)"
   ]
  },
  {
   "cell_type": "code",
   "execution_count": 17,
   "metadata": {},
   "outputs": [
    {
     "name": "stdout",
     "output_type": "stream",
     "text": [
      "[]\n"
     ]
    }
   ],
   "source": [
    "for i in range(initial_freq_maps.shape[0]):\n",
    "    print(initial_freq_maps[0][initial_freq_maps[i]-initial_freq_maps[0]!=0])"
   ]
  },
  {
   "cell_type": "code",
   "execution_count": 18,
   "metadata": {},
   "outputs": [],
   "source": [
    "# Mixing matrix initialization\n",
    "init_mixing_matrix_obj = micmac.InitMixingMatrix(np.array(instrument['frequency']), MICMAC_Harm_obj.n_components, pos_special_freqs=MICMAC_Harm_obj.pos_special_freqs, spv_nodes_b=MICMAC_Harm_obj.spv_nodes_b)\n",
    "\n",
    "init_params = init_mixing_matrix_obj.init_params()\n",
    "\n",
    "mixing_matrix_obj = micmac.MixingMatrix(instrument['frequency'], MICMAC_Harm_obj.n_components, nside=MICMAC_Harm_obj.nside, spv_nodes_b=MICMAC_Harm_obj.spv_nodes_b, params=init_params, pos_special_freqs=MICMAC_Harm_obj.pos_special_freqs)\n",
    "mixing_matrix_sampled = mixing_matrix_obj.get_B()\n",
    "\n",
    "len_pos_special_freqs = len(mixing_matrix_obj.pos_special_freqs)\n"
   ]
  },
  {
   "cell_type": "code",
   "execution_count": 19,
   "metadata": {},
   "outputs": [],
   "source": [
    "theoretical_r0_total = get_c_ells_from_red_covariance_matrix(theoretical_red_cov_r0_total)\n",
    "theoretical_r1_tensor = get_c_ells_from_red_covariance_matrix(theoretical_red_cov_r1_tensor)\n",
    "\n",
    "c_ell_approx = np.zeros((3,MICMAC_Harm_obj.lmax+1))\n",
    "c_ell_approx[0,MICMAC_Harm_obj.lmin:] = theoretical_r0_total[0,:]\n",
    "c_ell_approx[1,MICMAC_Harm_obj.lmin:] = theoretical_r0_total[1,:]\n",
    "\n",
    "red_cov_approx_matrix = get_reduced_matrix_from_c_ell_jax(c_ell_approx)[MICMAC_Harm_obj.lmin:]"
   ]
  },
  {
   "cell_type": "code",
   "execution_count": 20,
   "metadata": {},
   "outputs": [],
   "source": [
    "final_values_params_mixing_matrix = MICMAC_all_params_mixing_matrix_samples.mean(axis=(0,1)).ravel(order='F')\n",
    "final_values_r = MICMAC_all_r_samples.mean()"
   ]
  },
  {
   "cell_type": "markdown",
   "metadata": {},
   "source": [
    "## Starting MH"
   ]
  },
  {
   "cell_type": "code",
   "execution_count": 21,
   "metadata": {},
   "outputs": [],
   "source": [
    "dimension_free_param_B_f = 2*(MICMAC_Harm_obj.n_frequencies-len_pos_special_freqs)"
   ]
  },
  {
   "cell_type": "code",
   "execution_count": 22,
   "metadata": {},
   "outputs": [],
   "source": [
    "first_guess = final_values_params_mixing_matrix.ravel(order='F')\n",
    "first_guess_r = final_values_r\n",
    "\n",
    "# first_guess = np.abs(final_values_params_mixing_matrix.ravel(order='F') + np.random.uniform(-10,10)*diag_step_size[:dimension_free_param_B_f])\n",
    "# first_guess_r = np.abs(final_values_r + np.random.uniform(-10,10)*diag_step_size[dimension_free_param_B_f])\n",
    "\n",
    "# first_guess = np.abs(final_values_params_mixing_matrix.ravel(order='F') + np.random.uniform(-10,10)*np.diag(np.sqrt(covariance_B_f_to_use))[:dimension_free_param_B_f])\n",
    "# first_guess_r = np.abs(final_values_r + np.random.uniform(-10,10)*MICMAC_Harm_obj.step_size_r)"
   ]
  },
  {
   "cell_type": "code",
   "execution_count": 23,
   "metadata": {},
   "outputs": [],
   "source": [
    "MICMAC_Harm_obj.number_iterations_sampling = 20000\n",
    "# MICMAC_Harm_obj.number_iterations_sampling = 10000\n",
    "# MICMAC_Harm_obj.number_iterations_sampling = 5000\n",
    "# MICMAC_Harm_obj.number_iterations_sampling = 2000\n",
    "# MICMAC_Harm_obj.number_iterations_sampling = 1000\n",
    "# MICMAC_Harm_obj.number_iterations_sampling = 500"
   ]
  },
  {
   "cell_type": "code",
   "execution_count": 24,
   "metadata": {},
   "outputs": [
    {
     "name": "stdout",
     "output_type": "stream",
     "text": [
      "Disabling chex !!!\n",
      "Covariance B_f, r: [[ 1.91069955e-09  3.96564674e-10  3.30249907e-10  2.80597101e-10\n",
      "   2.48217938e-10  2.28131170e-10  2.07900314e-10  1.95622901e-10\n",
      "   1.86545048e-10  1.79410386e-10  1.69982689e-10  1.54770499e-10\n",
      "   1.16102467e-10 -2.29269361e-11 -4.01643911e-12 -3.08486605e-12\n",
      "  -2.38828565e-12 -1.93525029e-12 -1.65554797e-12 -1.37704589e-12\n",
      "  -1.21320451e-12 -1.10077702e-12 -1.02564881e-12 -9.50864132e-13\n",
      "  -8.59209342e-13 -6.51453652e-13  0.00000000e+00]\n",
      " [ 3.96564674e-10  8.88954555e-10  3.10688666e-10  2.91074373e-10\n",
      "   2.78147162e-10  2.69976441e-10  2.61386165e-10  2.55590849e-10\n",
      "   2.50324738e-10  2.44696316e-10  2.34502389e-10  2.14787833e-10\n",
      "   1.61836069e-10 -4.01580659e-12 -9.69340103e-12 -2.40681973e-12\n",
      "  -2.04216675e-12 -1.80444437e-12 -1.65705045e-12 -1.50878963e-12\n",
      "  -1.41912234e-12 -1.35334038e-12 -1.30242538e-12 -1.23660080e-12\n",
      "  -1.13211154e-12 -8.68006869e-13  0.00000000e+00]\n",
      " [ 3.30249907e-10  3.10688666e-10  6.48150158e-10  2.95481128e-10\n",
      "   2.90984894e-10  2.87980142e-10  2.84439426e-10  2.81460990e-10\n",
      "   2.77860530e-10  2.72907886e-10  2.62434900e-10  2.40881440e-10\n",
      "   1.82048220e-10 -3.08395999e-12 -2.40654591e-12 -6.37343384e-12\n",
      "  -1.89142545e-12 -1.74707263e-12 -1.65706814e-12 -1.56533500e-12\n",
      "  -1.50791849e-12 -1.46252124e-12 -1.42237217e-12 -1.36104829e-12\n",
      "  -1.25229854e-12 -9.67347516e-13  0.00000000e+00]\n",
      " [ 2.80597101e-10  2.91074373e-10  2.95481128e-10  4.75753609e-10\n",
      "   3.00396457e-10  3.01249413e-10  3.01483316e-10  3.00616920e-10\n",
      "   2.98277029e-10  2.93858024e-10  2.83244292e-10  2.60461509e-10\n",
      "   1.97632232e-10 -2.38717617e-12 -2.04168895e-12 -1.89122132e-12\n",
      "  -3.95932501e-12 -1.70338538e-12 -1.65627454e-12 -1.60683532e-12\n",
      "  -1.57362195e-12 -1.54365394e-12 -1.51188657e-12 -1.45470819e-12\n",
      "  -1.34443676e-12 -1.04848018e-12  0.00000000e+00]\n",
      " [ 2.48217938e-10  2.78147162e-10  2.90984894e-10  3.00396457e-10\n",
      "   4.61544367e-10  3.09627340e-10  3.12314614e-10  3.12829307e-10\n",
      "   3.11328958e-10  3.07294020e-10  2.96677470e-10  2.73285505e-10\n",
      "   2.08382135e-10 -1.93401001e-12 -1.80383492e-12 -1.74673655e-12\n",
      "  -1.70325328e-12 -3.58584810e-12 -1.65470449e-12 -1.63280537e-12\n",
      "  -1.61544763e-12 -1.59575811e-12 -1.56987499e-12 -1.51641178e-12\n",
      "  -1.40732437e-12 -1.11019563e-12  0.00000000e+00]\n",
      " [ 2.28131170e-10  2.69976441e-10  2.87980142e-10  3.01249413e-10\n",
      "   3.09627340e-10  3.66849235e-10  3.18720254e-10  3.20095934e-10\n",
      "   3.19135797e-10  3.15379074e-10  3.04859307e-10  2.81302600e-10\n",
      "   2.15701511e-10 -1.65422856e-12 -1.65636085e-12 -1.65665150e-12\n",
      "  -1.65606162e-12 -1.65462356e-12 -2.29690761e-12 -1.64770586e-12\n",
      "  -1.64026463e-12 -1.62719172e-12 -1.60542241e-12 -1.55538457e-12\n",
      "  -1.44944206e-12 -1.15823654e-12  0.00000000e+00]\n",
      " [ 2.07900314e-10  2.61386165e-10  2.84439426e-10  3.01483316e-10\n",
      "   3.12314614e-10  3.18720254e-10  3.49930461e-10  3.26675867e-10\n",
      "   3.26306114e-10  3.22924994e-10  3.12737938e-10  2.89524244e-10\n",
      "   2.24626558e-10 -1.37565163e-12 -1.50802292e-12 -1.56484029e-12\n",
      "  -1.60654367e-12 -1.63264533e-12 -1.64762661e-12 -1.97390371e-12\n",
      "  -1.66256177e-12 -1.65672650e-12 -1.64020699e-12 -1.59629454e-12\n",
      "  -1.49927410e-12 -1.22991176e-12  0.00000000e+00]\n",
      " [ 1.95622901e-10  2.55590849e-10  2.81460990e-10  3.00616920e-10\n",
      "   3.12829307e-10  3.20095934e-10  3.26675867e-10  3.57377590e-10\n",
      "   3.29540559e-10  3.26541234e-10  3.16935505e-10  2.94750841e-10\n",
      "   2.32547982e-10 -1.21177264e-12 -1.41831465e-12 -1.50738137e-12\n",
      "  -1.57328685e-12 -1.61524350e-12 -1.64014091e-12 -1.66251705e-12\n",
      "  -2.01528412e-12 -1.67122384e-12 -1.65967486e-12 -1.62379496e-12\n",
      "  -1.54147072e-12 -1.31097318e-12  0.00000000e+00]\n",
      " [ 1.86545048e-10  2.50324738e-10  2.77860530e-10  2.98277029e-10\n",
      "   3.11328958e-10  3.19135797e-10  3.26306114e-10  3.29540559e-10\n",
      "   3.67776308e-10  3.27591995e-10  3.19055493e-10  2.99015029e-10\n",
      "   2.42626716e-10 -1.09933050e-12 -1.35251222e-12 -1.46196115e-12\n",
      "  -1.54329399e-12 -1.59552795e-12 -1.62704127e-12 -1.65665442e-12\n",
      "  -1.67119621e-12 -2.14070537e-12 -1.67130269e-12 -1.64863418e-12\n",
      "  -1.59281791e-12 -1.43421345e-12  0.00000000e+00]\n",
      " [ 1.79410386e-10  2.44696316e-10  2.72907886e-10  2.93858024e-10\n",
      "   3.07294020e-10  3.15379074e-10  3.22924994e-10  3.26541234e-10\n",
      "   3.27591995e-10  3.67568436e-10  3.19228191e-10  3.02973246e-10\n",
      "   2.56957704e-10 -1.02421077e-12 -1.30159605e-12 -1.42180673e-12\n",
      "  -1.51151816e-12 -1.56963437e-12 -1.60526028e-12 -1.64012204e-12\n",
      "  -1.65963375e-12 -1.67128891e-12 -2.18865509e-12 -1.67499704e-12\n",
      "  -1.66376300e-12 -1.62718623e-12  0.00000000e+00]\n",
      " [ 1.69982689e-10  2.34502389e-10  2.62434900e-10  2.83244292e-10\n",
      "   2.96677470e-10  3.04859307e-10  3.12737938e-10  3.16935505e-10\n",
      "   3.19055493e-10  3.19228191e-10  4.58265353e-10  3.09326567e-10\n",
      "   2.87756257e-10 -9.49474275e-13 -1.23579752e-12 -1.36049930e-12\n",
      "  -1.45434908e-12 -1.51617581e-12 -1.55522425e-12 -1.59620861e-12\n",
      "  -1.62375129e-12 -1.64861689e-12 -1.67499310e-12 -3.46571211e-12\n",
      "  -1.81411727e-12 -2.06004473e-12  0.00000000e+00]\n",
      " [ 1.54770499e-10  2.14787833e-10  2.40881440e-10  2.60461509e-10\n",
      "   2.73285505e-10  2.81302600e-10  2.89524244e-10  2.94750841e-10\n",
      "   2.99015029e-10  3.02973246e-10  3.09326567e-10  5.52485356e-10\n",
      "   3.51505500e-10 -8.57941051e-13 -1.13138300e-12 -1.25180398e-12\n",
      "  -1.34411691e-12 -1.40711782e-12 -1.44930509e-12 -1.49920555e-12\n",
      "  -1.54144100e-12 -1.59281237e-12 -1.66376958e-12 -1.81412711e-12\n",
      "  -4.97525437e-12 -2.96922601e-12  0.00000000e+00]\n",
      " [ 1.16102467e-10  1.61836069e-10  1.82048220e-10  1.97632232e-10\n",
      "   2.08382135e-10  2.15701511e-10  2.24626558e-10  2.32547982e-10\n",
      "   2.42626716e-10  2.56957704e-10  2.87756257e-10  3.51505500e-10\n",
      "   1.11164362e-09 -6.50532465e-13 -8.67496726e-13 -9.67015543e-13\n",
      "  -1.04828122e-12 -1.11008289e-12 -1.15817672e-12 -1.22990389e-12\n",
      "  -1.31099463e-12 -1.43425290e-12 -1.62723423e-12 -2.06009365e-12\n",
      "  -2.96926413e-12 -1.26775132e-11  0.00000000e+00]\n",
      " [-2.29269361e-11 -4.01580659e-12 -3.08395999e-12 -2.38717617e-12\n",
      "  -1.93401001e-12 -1.65422856e-12 -1.37565163e-12 -1.21177264e-12\n",
      "  -1.09933050e-12 -1.02421077e-12 -9.49474275e-13 -8.57941051e-13\n",
      "  -6.50532465e-13  7.69429913e-13  1.50954930e-13  1.22642400e-13\n",
      "   1.01454532e-13  8.76520007e-14  7.91053095e-14  7.05351761e-14\n",
      "   6.53953297e-14  6.16978775e-14  5.89481612e-14  5.56038860e-14\n",
      "   5.05503105e-14  3.80024138e-14  0.00000000e+00]\n",
      " [-4.01643911e-12 -9.69340103e-12 -2.40654591e-12 -2.04168895e-12\n",
      "  -1.80383492e-12 -1.65636085e-12 -1.50802292e-12 -1.41831465e-12\n",
      "  -1.35251222e-12 -1.30159605e-12 -1.23579752e-12 -1.13138300e-12\n",
      "  -8.67496726e-13  1.50954930e-13  3.46474363e-13  1.09502983e-13\n",
      "   1.00068957e-13  9.38821936e-14  9.00057070e-14  8.60095912e-14\n",
      "   8.34363848e-14  8.12841874e-14  7.92137495e-14  7.57766324e-14\n",
      "   6.93997735e-14  5.24681111e-14  0.00000000e+00]\n",
      " [-3.08486605e-12 -2.40681973e-12 -6.37343384e-12 -1.89122132e-12\n",
      "  -1.74673655e-12 -1.65665150e-12 -1.56484029e-12 -1.50738137e-12\n",
      "  -1.46196115e-12 -1.42180673e-12 -1.36049930e-12 -1.25180398e-12\n",
      "  -9.67015543e-13  1.22642400e-13  1.09502983e-13  2.44401346e-13\n",
      "   9.94248101e-14  9.65394805e-14  9.46880234e-14  9.26764301e-14\n",
      "   9.12187990e-14  8.97418665e-14  8.79750343e-14  8.45188079e-14\n",
      "   7.76131495e-14  5.89044475e-14  0.00000000e+00]\n",
      " [-2.38828565e-12 -2.04216675e-12 -1.89142545e-12 -3.95932501e-12\n",
      "  -1.70325328e-12 -1.65606162e-12 -1.60654367e-12 -1.57328685e-12\n",
      "  -1.54329399e-12 -1.51151816e-12 -1.45434908e-12 -1.34411691e-12\n",
      "  -1.04828122e-12  1.01454532e-13  1.00068957e-13  9.94248101e-14\n",
      "   1.70880470e-13  9.84681914e-14  9.81293836e-14  9.76017100e-14\n",
      "   9.69807795e-14  9.60149154e-14  9.44864112e-14  9.10428317e-14\n",
      "   8.37994383e-14  6.39209132e-14  0.00000000e+00]\n",
      " [-1.93525029e-12 -1.80444437e-12 -1.74707263e-12 -1.70338538e-12\n",
      "  -3.58584810e-12 -1.65462356e-12 -1.63264533e-12 -1.61524350e-12\n",
      "  -1.59552795e-12 -1.56963437e-12 -1.51617581e-12 -1.40711782e-12\n",
      "  -1.11008289e-12  8.76520007e-14  9.38821936e-14  9.65394805e-14\n",
      "   9.84681914e-14  1.62746065e-13  1.00289397e-13  1.00726821e-13\n",
      "   1.00653365e-13  1.00027907e-13  9.86691750e-14  9.52690055e-14\n",
      "   8.78812940e-14  6.74495806e-14  0.00000000e+00]\n",
      " [-1.65554797e-12 -1.65705045e-12 -1.65706814e-12 -1.65627454e-12\n",
      "  -1.65470449e-12 -2.29690761e-12 -1.64762661e-12 -1.64014091e-12\n",
      "  -1.62704127e-12 -1.60526028e-12 -1.55522425e-12 -1.44930509e-12\n",
      "  -1.15817672e-12  7.91053095e-14  9.00057070e-14  9.46880234e-14\n",
      "   9.81293836e-14  1.00289397e-13  1.22801790e-13  1.02569472e-13\n",
      "   1.02837698e-13  1.02431315e-13  1.01193803e-13  9.78595074e-14\n",
      "   9.04663537e-14  6.99236773e-14  0.00000000e+00]\n",
      " [-1.37704589e-12 -1.50878963e-12 -1.56533500e-12 -1.60683532e-12\n",
      "  -1.63280537e-12 -1.64770586e-12 -1.97390371e-12 -1.66251705e-12\n",
      "  -1.65665442e-12 -1.64012204e-12 -1.59620861e-12 -1.49920555e-12\n",
      "  -1.22990389e-12  7.05351761e-14  8.60095912e-14  9.26764301e-14\n",
      "   9.76017100e-14  1.00726821e-13  1.02569472e-13  1.14561785e-13\n",
      "   1.04813294e-13  1.04646416e-13  1.03568954e-13  1.00393981e-13\n",
      "   9.31960999e-14  7.30960613e-14  0.00000000e+00]\n",
      " [-1.21320451e-12 -1.41912234e-12 -1.50791849e-12 -1.57362195e-12\n",
      "  -1.61544763e-12 -1.64026463e-12 -1.66256177e-12 -2.01528412e-12\n",
      "  -1.67119621e-12 -1.65963375e-12 -1.62375129e-12 -1.54144100e-12\n",
      "  -1.31099463e-12  6.53953297e-14  8.34363848e-14  9.12187990e-14\n",
      "   9.69807795e-14  1.00653365e-13  1.02837698e-13  1.04813294e-13\n",
      "   1.16988380e-13  1.05659156e-13  1.04740048e-13  1.01811726e-13\n",
      "   9.50561466e-14  7.61189220e-14  0.00000000e+00]\n",
      " [-1.10077702e-12 -1.35334038e-12 -1.46252124e-12 -1.54365394e-12\n",
      "  -1.59575811e-12 -1.62719172e-12 -1.65672650e-12 -1.67122384e-12\n",
      "  -2.14070537e-12 -1.67128891e-12 -1.64861689e-12 -1.59281237e-12\n",
      "  -1.43425290e-12  6.16978775e-14  8.12841874e-14  8.97418665e-14\n",
      "   9.60149154e-14  1.00027907e-13  1.02431315e-13  1.04646416e-13\n",
      "   1.05659156e-13  1.21180613e-13  1.05150428e-13  1.02657200e-13\n",
      "   9.67743254e-14  8.02037897e-14  0.00000000e+00]\n",
      " [-1.02564881e-12 -1.30242538e-12 -1.42237217e-12 -1.51188657e-12\n",
      "  -1.56987499e-12 -1.60542241e-12 -1.64020699e-12 -1.65967486e-12\n",
      "  -1.67130269e-12 -2.18865509e-12 -1.67499310e-12 -1.66376958e-12\n",
      "  -1.62723423e-12  5.89481612e-14  7.92137495e-14  8.79750343e-14\n",
      "   9.44864112e-14  9.86691750e-14  1.01193803e-13  1.03568954e-13\n",
      "   1.04740048e-13  1.05150428e-13  1.21692831e-13  1.03013786e-13\n",
      "   9.86452873e-14  8.62227449e-14  0.00000000e+00]\n",
      " [-9.50864132e-13 -1.23660080e-12 -1.36104829e-12 -1.45470819e-12\n",
      "  -1.51641178e-12 -1.55538457e-12 -1.59629454e-12 -1.62379496e-12\n",
      "  -1.64863418e-12 -1.67499704e-12 -3.46571211e-12 -1.81412711e-12\n",
      "  -2.06009365e-12  5.56038860e-14  7.57766324e-14  8.45188079e-14\n",
      "   9.10428317e-14  9.52690055e-14  9.78595074e-14  1.00393981e-13\n",
      "   1.01811726e-13  1.02657200e-13  1.03013786e-13  1.60447589e-13\n",
      "   1.02080930e-13  9.93734983e-14  0.00000000e+00]\n",
      " [-8.59209342e-13 -1.13211154e-12 -1.25229854e-12 -1.34443676e-12\n",
      "  -1.40732437e-12 -1.44944206e-12 -1.49927410e-12 -1.54147072e-12\n",
      "  -1.59281791e-12 -1.66376300e-12 -1.81411727e-12 -4.97525437e-12\n",
      "  -2.96926413e-12  5.05503105e-14  6.93997735e-14  7.76131495e-14\n",
      "   8.37994383e-14  8.78812940e-14  9.04663537e-14  9.31960999e-14\n",
      "   9.50561466e-14  9.67743254e-14  9.86452873e-14  1.02080930e-13\n",
      "   2.02874263e-13  1.26750934e-13  0.00000000e+00]\n",
      " [-6.51453652e-13 -8.68006869e-13 -9.67347516e-13 -1.04848018e-12\n",
      "  -1.11019563e-12 -1.15823654e-12 -1.22991176e-12 -1.31097318e-12\n",
      "  -1.43421345e-12 -1.62718623e-12 -2.06004473e-12 -2.96922601e-12\n",
      "  -1.26775132e-11  3.80024138e-14  5.24681111e-14  5.89044475e-14\n",
      "   6.39209132e-14  6.74495806e-14  6.99236773e-14  7.30960613e-14\n",
      "   7.61189220e-14  8.02037897e-14  8.62227449e-14  9.93734983e-14\n",
      "   1.26750934e-13  4.39783645e-13  0.00000000e+00]\n",
      " [ 0.00000000e+00  0.00000000e+00  0.00000000e+00  0.00000000e+00\n",
      "   0.00000000e+00  0.00000000e+00  0.00000000e+00  0.00000000e+00\n",
      "   0.00000000e+00  0.00000000e+00  0.00000000e+00  0.00000000e+00\n",
      "   0.00000000e+00  0.00000000e+00  0.00000000e+00  0.00000000e+00\n",
      "   0.00000000e+00  0.00000000e+00  0.00000000e+00  0.00000000e+00\n",
      "   0.00000000e+00  0.00000000e+00  0.00000000e+00  0.00000000e+00\n",
      "   0.00000000e+00  0.00000000e+00  2.30121017e-07]]\n",
      "Starting 20000 iterations for harmonic run\n"
     ]
    },
    {
     "name": "stderr",
     "output_type": "stream",
     "text": [
      "sample: 100%|██████████| 20000/20000 [1:14:18<00:00,  4.49it/s]\n"
     ]
    },
    {
     "name": "stdout",
     "output_type": "stream",
     "text": [
      "End of MH iterations for harmonic run in 74.30637054840723 minutes !\n",
      "Summary of the run\n",
      "\n",
      "                 mean       std    median      5.0%     95.0%     n_eff     r_hat\n",
      " Param:0[0]      0.52      0.00      0.52      0.52      0.52     27.00      1.06\n",
      " Param:0[1]      0.31      0.00      0.31      0.31      0.31     38.10      1.02\n",
      " Param:0[2]      0.22      0.00      0.22      0.22      0.22     48.88      1.01\n",
      " Param:0[3]      0.15      0.00      0.15      0.15      0.15     31.63      1.02\n",
      " Param:0[4]      0.11      0.00      0.11      0.11      0.11     36.99      1.00\n",
      " Param:0[5]      0.08      0.00      0.08      0.08      0.08     37.80      1.01\n",
      " Param:0[6]      0.05      0.00      0.05      0.05      0.05     49.21      1.01\n",
      " Param:0[7]      0.04      0.00      0.04      0.04      0.04     40.12      1.02\n",
      " Param:0[8]      0.03      0.00      0.03      0.03      0.03     50.09      1.01\n",
      " Param:0[9]      0.02      0.00      0.02      0.02      0.02     41.34      1.05\n",
      "Param:0[10]      0.02      0.00      0.02      0.01      0.02     37.72      1.08\n",
      "Param:0[11]      0.01      0.00      0.01      0.01      0.01     42.69      1.01\n",
      "Param:0[12]      0.01      0.00      0.01      0.01      0.01     30.82      1.00\n",
      "Param:0[13]      0.00      0.00      0.00      0.00      0.00     27.21      1.04\n",
      "Param:0[14]      0.00      0.00      0.00      0.00      0.00     35.58      1.01\n",
      "Param:0[15]      0.00      0.00      0.00      0.00      0.00     47.66      1.00\n",
      "Param:0[16]      0.01      0.00      0.01      0.01      0.01     25.11      1.00\n",
      "Param:0[17]      0.01      0.00      0.01      0.01      0.01     33.79      1.00\n",
      "Param:0[18]      0.01      0.00      0.01      0.01      0.01     34.30      1.03\n",
      "Param:0[19]      0.01      0.00      0.01      0.01      0.01     34.53      1.03\n",
      "Param:0[20]      0.02      0.00      0.02      0.02      0.02     35.28      1.02\n",
      "Param:0[21]      0.03      0.00      0.03      0.03      0.03     38.76      1.03\n",
      "Param:0[22]      0.05      0.00      0.05      0.05      0.05     40.81      1.01\n",
      "Param:0[23]      0.08      0.00      0.08      0.08      0.08     38.28      1.01\n",
      "Param:0[24]      0.16      0.00      0.16      0.16      0.16     30.84      1.00\n",
      "Param:0[25]      0.38      0.00      0.38      0.38      0.38     24.45      1.12\n",
      "Param:0[26]      0.01      0.00      0.01      0.01      0.01   2192.93      1.00\n",
      "\n"
     ]
    }
   ],
   "source": [
    "MICMAC_Harm_obj.perform_harmonic_MH(input_freq_maps, c_ell_approx, first_guess, initial_guess_r=first_guess_r,\n",
    "                                    covariance_B_f_r=None, theoretical_r0_total=theoretical_r0_total, theoretical_r1_tensor=theoretical_r1_tensor)"
   ]
  },
  {
   "cell_type": "code",
   "execution_count": 25,
   "metadata": {},
   "outputs": [
    {
     "data": {
      "text/plain": [
       "(20000,)"
      ]
     },
     "execution_count": 25,
     "metadata": {},
     "output_type": "execute_result"
    }
   ],
   "source": [
    "MICMAC_Harm_obj.all_samples_r.shape"
   ]
  },
  {
   "cell_type": "code",
   "execution_count": 26,
   "metadata": {},
   "outputs": [
    {
     "data": {
      "text/plain": [
       "(20000, 26)"
      ]
     },
     "execution_count": 26,
     "metadata": {},
     "output_type": "execute_result"
    }
   ],
   "source": [
    "MICMAC_Harm_obj.all_params_mixing_matrix_samples.shape"
   ]
  },
  {
   "cell_type": "code",
   "execution_count": 27,
   "metadata": {},
   "outputs": [
    {
     "data": {
      "text/plain": [
       "Array([4.36548053e-04, 2.72958452e-04, 2.20075634e-04, 2.11085103e-04,\n",
       "       2.29528025e-04, 1.85864383e-04, 1.55533490e-04, 1.70958756e-04,\n",
       "       1.59838910e-04, 1.70337730e-04, 1.98839405e-04, 2.20432801e-04,\n",
       "       3.21459987e-04, 8.70848508e-06, 5.72106503e-06, 4.60933287e-06,\n",
       "       4.85493143e-06, 3.90376234e-06, 3.66221382e-06, 3.55157519e-06,\n",
       "       3.42467434e-06, 3.63563205e-06, 3.84701294e-06, 4.30511593e-06,\n",
       "       4.52882535e-06, 7.54351319e-06], dtype=float64)"
      ]
     },
     "execution_count": 27,
     "metadata": {},
     "output_type": "execute_result"
    }
   ],
   "source": [
    "MICMAC_Harm_obj.all_params_mixing_matrix_samples.std(axis=0)"
   ]
  },
  {
   "cell_type": "code",
   "execution_count": 28,
   "metadata": {},
   "outputs": [],
   "source": [
    "list_correl = ['EE', 'BB', 'EB']\n",
    "\n",
    "ell_arange = np.arange(red_cov_approx_matrix.shape[0]) + MICMAC_Harm_obj.lmin\n",
    "\n",
    "frequency_Bf = np.array(instrument['frequency'][1:-1])\n",
    "dim_freq_B_f = len(frequency_Bf)\n",
    "\n",
    "all_B_f_sample_synch = MICMAC_Harm_obj.all_params_mixing_matrix_samples[:,:dim_freq_B_f]\n",
    "all_B_f_sample_dust = MICMAC_Harm_obj.all_params_mixing_matrix_samples[:,dim_freq_B_f:]\n",
    "\n",
    "MICMAC_B_f_sample_synch = MICMAC_all_params_mixing_matrix_samples[...,:dim_freq_B_f]\n",
    "MICMAC_B_f_sample_dust = MICMAC_all_params_mixing_matrix_samples[...,dim_freq_B_f:]\n",
    "final_MICMAC_pixel_B_f_synch = MICMAC_all_params_mixing_matrix_samples.mean(axis=1)[...,:dim_freq_B_f]\n",
    "final_MICMAC_pixel_B_f_dust = MICMAC_all_params_mixing_matrix_samples.mean(axis=1)[...,dim_freq_B_f:]\n",
    "\n",
    "frequency_array = np.array(instrument['frequency'])\n",
    "\n",
    "alpha_value = .5\n",
    "color_MICMAC_pixel = 'mediumpurple'\n",
    "color_MICMAC_pixel_list = ['mediumpurple', 'green', 'red', 'gold', 'sienna']\n",
    "\n",
    "if MICMAC_Harm_obj.n_frequencies-len_pos_special_freqs < 10:\n",
    "    plt.figure(figsize=(20,8))\n",
    "    plt.suptitle('Mixing matrix parameters Harmonic and Pixel sampled vs iterations', fontsize=14)\n",
    "    # plt.subplot(121)\n",
    "\n",
    "    for i in range(MICMAC_Harm_obj.n_frequencies-len_pos_special_freqs):\n",
    "        plt.subplot(201+len(frequency_Bf)*10+i)\n",
    "        plt.title((f'Synch ${frequency_Bf[i]} GHz$'))\n",
    "        plt.plot([0,MICMAC_Harm_obj.number_iterations_sampling], [init_params[i],init_params[i]], label='Exact value')\n",
    "        plt.plot(np.arange(MICMAC_Harm_obj.number_iterations_sampling), all_B_f_sample_synch[:,i], '-.', label='Sample Harmonic')\n",
    "\n",
    "        plt.plot([0,MICMAC_Harm_obj.number_iterations_sampling], [final_MICMAC_pixel_B_f_synch[0,i],final_MICMAC_pixel_B_f_synch[0,i]], color=color_MICMAC_pixel, label='Pixel MICMAC')\n",
    "        plt.plot(np.arange(MICMAC_sampler_obj.number_iterations_sampling+1), MICMAC_B_f_sample_synch[0,:,i], color=color_MICMAC_pixel_list[0], alpha=alpha_value, label='Pixel')\n",
    "        for j in range(1,MICMAC_B_f_sample_synch.shape[0]):\n",
    "            plt.plot(np.arange(MICMAC_sampler_obj.number_iterations_sampling+1), MICMAC_B_f_sample_synch[j,:,i], color=color_MICMAC_pixel_list[j], alpha=alpha_value)\n",
    "            plt.plot([0,MICMAC_Harm_obj.number_iterations_sampling], [final_MICMAC_pixel_B_f_synch[j,i],final_MICMAC_pixel_B_f_synch[j,i]], color=color_MICMAC_pixel)\n",
    "        \n",
    "        n_sigma = 3\n",
    "        transformed_samples = np.abs(all_B_f_sample_synch[:,i] - all_B_f_sample_synch[:,i].mean())/(all_B_f_sample_synch[:,i].std()) #< n_sigma\n",
    "        cond = np.exp(transformed_samples**2/2)/(np.sqrt(2*np.pi)) < 0.9973\n",
