{
 "cells": [
  {
   "cell_type": "markdown",
   "metadata": {},
   "source": [
    "# Fisher test"
   ]
  },
  {
   "cell_type": "code",
   "execution_count": 1,
   "metadata": {},
   "outputs": [],
   "source": [
    "import os, sys, time\n",
    "import numpy as np\n",
    "import scipy as sp\n",
    "import healpy as hp\n",
    "from fgbuster.observation_helpers import *\n",
    "\n",
    "import micmac"
   ]
  },
  {
   "cell_type": "code",
   "execution_count": 2,
   "metadata": {},
   "outputs": [],
   "source": [
    "working_directory_path = os.path.abspath('') + '/'\n",
    "# directory_save_file = working_directory_path + 'save_directory/'\n",
    "directory_toml_file = working_directory_path #+ 'toml_params/'\n",
    "path_toml_file = directory_toml_file + 'full_chain_v1a.toml'\n",
    "# path_toml_file = directory_toml_file + 'LiteBIRD_full_chain_v1a.toml'\n",
    "path_toml_file = directory_toml_file + 'biased_v1d_LiteBIRD.toml'"
   ]
  },
  {
   "cell_type": "code",
   "execution_count": 3,
   "metadata": {},
   "outputs": [],
   "source": [
    "MICMAC_sampler_obj = micmac.create_MICMAC_sampler_from_toml_file(path_toml_file)"
   ]
  },
  {
   "cell_type": "code",
   "execution_count": 4,
   "metadata": {},
   "outputs": [
    {
     "name": "stderr",
     "output_type": "stream",
     "text": [
      "OMP: Info #276: omp_set_nested routine deprecated, please use omp_set_max_active_levels instead.\n"
     ]
    },
    {
     "name": "stdout",
     "output_type": "stream",
     "text": [
      "Shape for input frequency maps : (15, 2, 49152)\n"
     ]
    }
   ],
   "source": [
    "# General parameters\n",
    "cmb_model = 'c1'\n",
    "cmb_model = ''\n",
    "fgs_model = 'd0s0'\n",
    "model = cmb_model+fgs_model\n",
    "noise = True\n",
    "# noise = False\n",
    "noise_seed = 42\n",
    "# instr_name = dictionary_parameters['instrument_name'] #'SO_SAT'\n",
    "# instr_name = 'SO_SAT'\n",
    "instr_name = MICMAC_sampler_obj.instrument_name\n",
    "\n",
    "# get instrument from public database\n",
    "instrument = get_instrument(instr_name)\n",
    "\n",
    "# get input freq maps\n",
    "np.random.seed(noise_seed)\n",
    "# freq_maps = get_observation(instrument, model, nside=NSIDE, noise=noise)[:, 1:, :]   # keep only Q and U\n",
    "freq_maps_fgs = get_observation(instrument, fgs_model, nside=MICMAC_sampler_obj.nside, noise=noise)[:, 1:, :]   # keep only Q and U\n",
    "print(\"Shape for input frequency maps :\", freq_maps_fgs.shape)\n",
    "\n",
    "fgbuster_input_freq_maps = get_observation(instrument, model, nside=MICMAC_sampler_obj.nside, noise=noise)[:, 1:, :]   # keep only Q and U"
   ]
  },
  {
   "cell_type": "code",
   "execution_count": 5,
   "metadata": {},
   "outputs": [],
   "source": [
    "init_mixing_matrix_obj = micmac.InitMixingMatrix(MICMAC_sampler_obj.frequency_array, MICMAC_sampler_obj.number_components, pos_special_freqs=MICMAC_sampler_obj.pos_special_freqs)\n",
    "\n",
    "exact_params_mixing_matrix = init_mixing_matrix_obj.init_params()\n",
    "\n",
    "mixing_matrix_obj = micmac.MixingMatrix(MICMAC_sampler_obj.frequency_array, MICMAC_sampler_obj.number_components, exact_params_mixing_matrix, pos_special_freqs=MICMAC_sampler_obj.pos_special_freqs)\n",
    "\n",
    "inv_Nl = micmac.get_true_Cl_noise(np.array(instrument['depth_p']), lmax=MICMAC_sampler_obj.lmax)"
   ]
  },
  {
   "cell_type": "markdown",
   "metadata": {},
   "source": [
    "# Getting input data"
   ]
  },
  {
   "cell_type": "code",
   "execution_count": 6,
   "metadata": {},
   "outputs": [
    {
     "data": {
      "text/plain": [
       "'LiteBIRD'"
      ]
     },
     "execution_count": 6,
     "metadata": {},
     "output_type": "execute_result"
    }
   ],
   "source": [
    "MICMAC_sampler_obj.instrument_name"
   ]
  },
  {
   "cell_type": "code",
   "execution_count": 7,
   "metadata": {},
   "outputs": [
    {
     "name": "stdout",
     "output_type": "stream",
     "text": [
      "Calculating spectra from CAMB !\n",
      "Calculating spectra from CAMB !\n"
     ]
    }
   ],
   "source": [
    "input_freq_maps, input_cmb_maps, theoretical_red_cov_r0_total, theoretical_red_cov_r1_tensor = MICMAC_sampler_obj.generate_input_freq_maps_from_fgs(freq_maps_fgs, return_only_freq_maps=False)\n",
    "\n",
    "theoretical_r0_total = micmac.get_c_ells_from_red_covariance_matrix(theoretical_red_cov_r0_total)#[partial_indices_polar,:]\n",
    "theoretical_r1_tensor = micmac.get_c_ells_from_red_covariance_matrix(theoretical_red_cov_r1_tensor)#[partial_indices_polar,:]"
   ]
  },
  {
   "cell_type": "code",
   "execution_count": 8,
   "metadata": {},
   "outputs": [],
   "source": [
    "# data_map = input_freq_maps\n",
    "data_map = fgbuster_input_freq_maps\n",
    "\n",
    "data_map_extended = np.insert(data_map, [0], np.zeros(MICMAC_sampler_obj.npix), axis=1)"
   ]
  },
  {
   "cell_type": "code",
   "execution_count": 9,
   "metadata": {},
   "outputs": [],
   "source": [
    "indices_polar = np.array([1,2,4])\n",
    "partial_indices_polar = indices_polar[:MICMAC_sampler_obj.nstokes]\n",
    "\n",
    "c_ell_approx = np.zeros((6, MICMAC_sampler_obj.lmax+1))\n",
    "c_ell_approx[indices_polar,MICMAC_sampler_obj.lmin:] = theoretical_r0_total\n",
    "\n",
    "Cl_lens = np.zeros_like(c_ell_approx)\n",
    "Cl_lens[indices_polar,MICMAC_sampler_obj.lmin:] = theoretical_r0_total\n",
    "\n",
    "Cl_prim = np.zeros_like(c_ell_approx)\n",
    "Cl_prim[indices_polar,MICMAC_sampler_obj.lmin:] = theoretical_r1_tensor"
   ]
  },
  {
   "cell_type": "markdown",
   "metadata": {},
   "source": [
    "# Compute Fisher"
   ]
  },
  {
   "cell_type": "code",
   "execution_count": 10,
   "metadata": {},
   "outputs": [],
   "source": [
    "mode_Fisher = 'EB'"
   ]
  },
  {
   "cell_type": "code",
   "execution_count": 11,
   "metadata": {},
   "outputs": [
    {
     "name": "stdout",
     "output_type": "stream",
     "text": [
      "1 of 15 complete\n",
      "2 of 15 complete\n",
      "3 of 15 complete\n",
      "4 of 15 complete\n",
      "5 of 15 complete\n"
     ]
    },
    {
     "name": "stdout",
     "output_type": "stream",
     "text": [
      "6 of 15 complete\n",
      "7 of 15 complete\n",
      "8 of 15 complete\n",
      "9 of 15 complete\n",
      "10 of 15 complete\n",
      "11 of 15 complete\n",
      "12 of 15 complete\n",
      "13 of 15 complete\n",
      "14 of 15 complete\n",
      "15 of 15 complete\n",
      "Computing mixing matrix\n",
      "A_dB =  [[0. 0. 0.]\n",
      " [0. 1. 0.]\n",
      " [0. 0. 0.]\n",
      " [0. 0. 0.]\n",
      " [0. 0. 0.]\n",
      " [0. 0. 0.]\n",
      " [0. 0. 0.]\n",
      " [0. 0. 0.]\n",
      " [0. 0. 0.]\n",
      " [0. 0. 0.]\n",
      " [0. 0. 0.]\n",
      " [0. 0. 0.]\n",
      " [0. 0. 0.]\n",
      " [0. 0. 0.]\n",
      " [0. 0. 0.]]\n"
     ]
    },
    {
     "name": "stderr",
     "output_type": "stream",
     "text": [
      "/Users/mag/miniconda3/envs/non_param_silver/lib/python3.9/site-packages/micmac/harmonic_Fisher_tools.py:119: RuntimeWarning: invalid value encountered in divide\n",
      "  m1_dBdB = 2.0*np.trace(_mtmm(A_dB_i, P, _mm(A_dB_j, sst_avg)), axis1=-1, axis2=-2) - Nc_dB*Nc_dB_prime/((Sc+Nc)**2) + Nc_dB*Nc_dB_prime/((Sc_approx+Nc)**2)\n",
      "/Users/mag/miniconda3/envs/non_param_silver/lib/python3.9/site-packages/micmac/harmonic_Fisher_tools.py:120: RuntimeWarning: invalid value encountered in divide\n",
      "  m2_dBdB = 2.0*(Sc-Sc_approx)/((Sc_approx+Nc)*(Sc+Nc))*_mmm(cov, _mmm(_mtmm(A, invN, A_dB_i), cov, _mtmm(A, invN, A_dB_j))\n",
      "/Users/mag/miniconda3/envs/non_param_silver/lib/python3.9/site-packages/micmac/harmonic_Fisher_tools.py:124: RuntimeWarning: invalid value encountered in multiply\n",
      "  m3_dBdB = 2.0/(Sc+Nc)*_mmm(cov, _mmm(_mtmm(A, invN, A_dB_i), sst_avg, _mtmm(A_dB_j, invN, A)), cov)[..., 0, 0]\n"
     ]
    },
    {
     "name": "stdout",
     "output_type": "stream",
     "text": [
      "A_dB =  [[0. 0. 0.]\n",
      " [0. 0. 0.]\n",
      " [0. 1. 0.]\n",
      " [0. 0. 0.]\n",
      " [0. 0. 0.]\n",
      " [0. 0. 0.]\n",
      " [0. 0. 0.]\n",
      " [0. 0. 0.]\n",
      " [0. 0. 0.]\n",
      " [0. 0. 0.]\n",
      " [0. 0. 0.]\n",
      " [0. 0. 0.]\n",
      " [0. 0. 0.]\n",
      " [0. 0. 0.]\n",
      " [0. 0. 0.]]\n",
      "A_dB =  [[0. 0. 0.]\n",
      " [0. 0. 0.]\n",
      " [0. 0. 0.]\n",
      " [0. 1. 0.]\n",
      " [0. 0. 0.]\n",
      " [0. 0. 0.]\n",
      " [0. 0. 0.]\n",
      " [0. 0. 0.]\n",
      " [0. 0. 0.]\n",
      " [0. 0. 0.]\n",
      " [0. 0. 0.]\n",
      " [0. 0. 0.]\n",
      " [0. 0. 0.]\n",
      " [0. 0. 0.]\n",
      " [0. 0. 0.]]\n",
      "A_dB =  [[0. 0. 0.]\n",
      " [0. 0. 0.]\n",
      " [0. 0. 0.]\n",
      " [0. 0. 0.]\n",
      " [0. 1. 0.]\n",
      " [0. 0. 0.]\n",
      " [0. 0. 0.]\n",
      " [0. 0. 0.]\n",
      " [0. 0. 0.]\n",
      " [0. 0. 0.]\n",
      " [0. 0. 0.]\n",
      " [0. 0. 0.]\n",
      " [0. 0. 0.]\n",
      " [0. 0. 0.]\n",
      " [0. 0. 0.]]\n",
      "A_dB =  [[0. 0. 0.]\n",
      " [0. 0. 0.]\n",
      " [0. 0. 0.]\n",
      " [0. 0. 0.]\n",
      " [0. 0. 0.]\n",
      " [0. 1. 0.]\n",
      " [0. 0. 0.]\n",
      " [0. 0. 0.]\n",
      " [0. 0. 0.]\n",
      " [0. 0. 0.]\n",
      " [0. 0. 0.]\n",
      " [0. 0. 0.]\n",
      " [0. 0. 0.]\n",
      " [0. 0. 0.]\n",
      " [0. 0. 0.]]\n",
      "A_dB =  [[0. 0. 0.]\n",
      " [0. 0. 0.]\n",
      " [0. 0. 0.]\n",
      " [0. 0. 0.]\n",
      " [0. 0. 0.]\n",
      " [0. 0. 0.]\n",
      " [0. 1. 0.]\n",
      " [0. 0. 0.]\n",
      " [0. 0. 0.]\n",
      " [0. 0. 0.]\n",
      " [0. 0. 0.]\n",
      " [0. 0. 0.]\n",
      " [0. 0. 0.]\n",
      " [0. 0. 0.]\n",
      " [0. 0. 0.]]\n",
      "A_dB =  [[0. 0. 0.]\n",
      " [0. 0. 0.]\n",
      " [0. 0. 0.]\n",
      " [0. 0. 0.]\n",
      " [0. 0. 0.]\n",
      " [0. 0. 0.]\n",
      " [0. 0. 0.]\n",
      " [0. 1. 0.]\n",
      " [0. 0. 0.]\n",
      " [0. 0. 0.]\n",
      " [0. 0. 0.]\n",
      " [0. 0. 0.]\n",
      " [0. 0. 0.]\n",
      " [0. 0. 0.]\n",
      " [0. 0. 0.]]\n",
      "A_dB =  [[0. 0. 0.]\n",
      " [0. 0. 0.]\n",
      " [0. 0. 0.]\n",
      " [0. 0. 0.]\n",
      " [0. 0. 0.]\n",
      " [0. 0. 0.]\n",
      " [0. 0. 0.]\n",
      " [0. 0. 0.]\n",
      " [0. 1. 0.]\n",
      " [0. 0. 0.]\n",
      " [0. 0. 0.]\n",
      " [0. 0. 0.]\n",
      " [0. 0. 0.]\n",
      " [0. 0. 0.]\n",
      " [0. 0. 0.]]\n",
      "A_dB =  [[0. 0. 0.]\n",
      " [0. 0. 0.]\n",
      " [0. 0. 0.]\n",
      " [0. 0. 0.]\n",
      " [0. 0. 0.]\n",
      " [0. 0. 0.]\n",
      " [0. 0. 0.]\n",
      " [0. 0. 0.]\n",
      " [0. 0. 0.]\n",
      " [0. 1. 0.]\n",
      " [0. 0. 0.]\n",
      " [0. 0. 0.]\n",
      " [0. 0. 0.]\n",
      " [0. 0. 0.]\n",
      " [0. 0. 0.]]\n",
      "A_dB =  [[0. 0. 0.]\n",
      " [0. 0. 0.]\n",
      " [0. 0. 0.]\n",
      " [0. 0. 0.]\n",
      " [0. 0. 0.]\n",
      " [0. 0. 0.]\n",
      " [0. 0. 0.]\n",
      " [0. 0. 0.]\n",
      " [0. 0. 0.]\n",
      " [0. 0. 0.]\n",
      " [0. 1. 0.]\n",
      " [0. 0. 0.]\n",
      " [0. 0. 0.]\n",
      " [0. 0. 0.]\n",
      " [0. 0. 0.]]\n",
      "A_dB =  [[0. 0. 0.]\n",
      " [0. 0. 0.]\n",
      " [0. 0. 0.]\n",
      " [0. 0. 0.]\n",
      " [0. 0. 0.]\n",
      " [0. 0. 0.]\n",
      " [0. 0. 0.]\n",
      " [0. 0. 0.]\n",
      " [0. 0. 0.]\n",
      " [0. 0. 0.]\n",
      " [0. 0. 0.]\n",
      " [0. 1. 0.]\n",
      " [0. 0. 0.]\n",
      " [0. 0. 0.]\n",
      " [0. 0. 0.]]\n",
      "A_dB =  [[0. 0. 0.]\n",
      " [0. 0. 0.]\n",
      " [0. 0. 0.]\n",
      " [0. 0. 0.]\n",
      " [0. 0. 0.]\n",
      " [0. 0. 0.]\n",
      " [0. 0. 0.]\n",
      " [0. 0. 0.]\n",
      " [0. 0. 0.]\n",
      " [0. 0. 0.]\n",
      " [0. 0. 0.]\n",
      " [0. 0. 0.]\n",
      " [0. 1. 0.]\n",
      " [0. 0. 0.]\n",
      " [0. 0. 0.]]\n",
      "A_dB =  [[0. 0. 0.]\n",
      " [0. 0. 0.]\n",
      " [0. 0. 0.]\n",
      " [0. 0. 0.]\n",
      " [0. 0. 0.]\n",
      " [0. 0. 0.]\n",
      " [0. 0. 0.]\n",
      " [0. 0. 0.]\n",
      " [0. 0. 0.]\n",
      " [0. 0. 0.]\n",
      " [0. 0. 0.]\n",
      " [0. 0. 0.]\n",
      " [0. 0. 0.]\n",
      " [0. 1. 0.]\n",
      " [0. 0. 0.]]\n",
      "A_dB =  [[0. 0. 0.]\n",
      " [0. 0. 1.]\n",
      " [0. 0. 0.]\n",
      " [0. 0. 0.]\n",
      " [0. 0. 0.]\n",
      " [0. 0. 0.]\n",
      " [0. 0. 0.]\n",
      " [0. 0. 0.]\n",
      " [0. 0. 0.]\n",
      " [0. 0. 0.]\n",
      " [0. 0. 0.]\n",
      " [0. 0. 0.]\n",
      " [0. 0. 0.]\n",
      " [0. 0. 0.]\n",
      " [0. 0. 0.]]\n",
      "A_dB =  [[0. 0. 0.]\n",
      " [0. 0. 0.]\n",
      " [0. 0. 1.]\n",
      " [0. 0. 0.]\n",
      " [0. 0. 0.]\n",
      " [0. 0. 0.]\n",
      " [0. 0. 0.]\n",
      " [0. 0. 0.]\n",
      " [0. 0. 0.]\n",
      " [0. 0. 0.]\n",
      " [0. 0. 0.]\n",
      " [0. 0. 0.]\n",
      " [0. 0. 0.]\n",
      " [0. 0. 0.]\n",
      " [0. 0. 0.]]\n",
      "A_dB =  [[0. 0. 0.]\n",
      " [0. 0. 0.]\n",
      " [0. 0. 0.]\n",
      " [0. 0. 1.]\n",
      " [0. 0. 0.]\n",
      " [0. 0. 0.]\n",
      " [0. 0. 0.]\n",
      " [0. 0. 0.]\n",
      " [0. 0. 0.]\n",
      " [0. 0. 0.]\n",
      " [0. 0. 0.]\n",
      " [0. 0. 0.]\n",
      " [0. 0. 0.]\n",
      " [0. 0. 0.]\n",
      " [0. 0. 0.]]\n",
      "A_dB =  [[0. 0. 0.]\n",
      " [0. 0. 0.]\n",
      " [0. 0. 0.]\n",
      " [0. 0. 0.]\n",
      " [0. 0. 1.]\n",
      " [0. 0. 0.]\n",
      " [0. 0. 0.]\n",
      " [0. 0. 0.]\n",
      " [0. 0. 0.]\n",
      " [0. 0. 0.]\n",
      " [0. 0. 0.]\n",
      " [0. 0. 0.]\n",
      " [0. 0. 0.]\n",
      " [0. 0. 0.]\n",
      " [0. 0. 0.]]\n",
      "A_dB =  [[0. 0. 0.]\n",
      " [0. 0. 0.]\n",
      " [0. 0. 0.]\n",
      " [0. 0. 0.]\n",
      " [0. 0. 0.]\n",
      " [0. 0. 1.]\n",
      " [0. 0. 0.]\n",
      " [0. 0. 0.]\n",
      " [0. 0. 0.]\n",
      " [0. 0. 0.]\n",
      " [0. 0. 0.]\n",
      " [0. 0. 0.]\n",
      " [0. 0. 0.]\n",
      " [0. 0. 0.]\n",
      " [0. 0. 0.]]\n",
      "A_dB =  [[0. 0. 0.]\n",
      " [0. 0. 0.]\n",
      " [0. 0. 0.]\n",
      " [0. 0. 0.]\n",
      " [0. 0. 0.]\n",
      " [0. 0. 0.]\n",
      " [0. 0. 1.]\n",
      " [0. 0. 0.]\n",
      " [0. 0. 0.]\n",
      " [0. 0. 0.]\n",
      " [0. 0. 0.]\n",
      " [0. 0. 0.]\n",
      " [0. 0. 0.]\n",
      " [0. 0. 0.]\n",
      " [0. 0. 0.]]\n",
      "A_dB =  [[0. 0. 0.]\n",
      " [0. 0. 0.]\n",
      " [0. 0. 0.]\n",
      " [0. 0. 0.]\n",
      " [0. 0. 0.]\n",
      " [0. 0. 0.]\n",
      " [0. 0. 0.]\n",
      " [0. 0. 1.]\n",
      " [0. 0. 0.]\n",
      " [0. 0. 0.]\n",
      " [0. 0. 0.]\n",
      " [0. 0. 0.]\n",
      " [0. 0. 0.]\n",
      " [0. 0. 0.]\n",
      " [0. 0. 0.]]\n",
      "A_dB =  [[0. 0. 0.]\n",
      " [0. 0. 0.]\n",
      " [0. 0. 0.]\n",
      " [0. 0. 0.]\n",
      " [0. 0. 0.]\n",
      " [0. 0. 0.]\n",
      " [0. 0. 0.]\n",
      " [0. 0. 0.]\n",
      " [0. 0. 1.]\n",
      " [0. 0. 0.]\n",
      " [0. 0. 0.]\n",
      " [0. 0. 0.]\n",
      " [0. 0. 0.]\n",
      " [0. 0. 0.]\n",
      " [0. 0. 0.]]\n",
      "A_dB =  [[0. 0. 0.]\n",
      " [0. 0. 0.]\n",
      " [0. 0. 0.]\n",
      " [0. 0. 0.]\n",
      " [0. 0. 0.]\n",
      " [0. 0. 0.]\n",
      " [0. 0. 0.]\n",
      " [0. 0. 0.]\n",
      " [0. 0. 0.]\n",
      " [0. 0. 1.]\n",
      " [0. 0. 0.]\n",
      " [0. 0. 0.]\n",
      " [0. 0. 0.]\n",
      " [0. 0. 0.]\n",
      " [0. 0. 0.]]\n",
      "A_dB =  [[0. 0. 0.]\n",
      " [0. 0. 0.]\n",
      " [0. 0. 0.]\n",
      " [0. 0. 0.]\n",
      " [0. 0. 0.]\n",
      " [0. 0. 0.]\n",
      " [0. 0. 0.]\n",
      " [0. 0. 0.]\n",
      " [0. 0. 0.]\n",
      " [0. 0. 0.]\n",
      " [0. 0. 1.]\n",
      " [0. 0. 0.]\n",
      " [0. 0. 0.]\n",
      " [0. 0. 0.]\n",
      " [0. 0. 0.]]\n",
      "A_dB =  [[0. 0. 0.]\n",
      " [0. 0. 0.]\n",
      " [0. 0. 0.]\n",
      " [0. 0. 0.]\n",
      " [0. 0. 0.]\n",
      " [0. 0. 0.]\n",
      " [0. 0. 0.]\n",
      " [0. 0. 0.]\n",
      " [0. 0. 0.]\n",
      " [0. 0. 0.]\n",
      " [0. 0. 0.]\n",
      " [0. 0. 1.]\n",
      " [0. 0. 0.]\n",
      " [0. 0. 0.]\n",
      " [0. 0. 0.]]\n",
      "A_dB =  [[0. 0. 0.]\n",
      " [0. 0. 0.]\n",
      " [0. 0. 0.]\n",
      " [0. 0. 0.]\n",
      " [0. 0. 0.]\n",
      " [0. 0. 0.]\n",
      " [0. 0. 0.]\n",
      " [0. 0. 0.]\n",
      " [0. 0. 0.]\n",
      " [0. 0. 0.]\n",
      " [0. 0. 0.]\n",
      " [0. 0. 0.]\n",
      " [0. 0. 1.]\n",
      " [0. 0. 0.]\n",
      " [0. 0. 0.]]\n",
      "A_dB =  [[0. 0. 0.]\n",
      " [0. 0. 0.]\n",
      " [0. 0. 0.]\n",
      " [0. 0. 0.]\n",
      " [0. 0. 0.]\n",
      " [0. 0. 0.]\n",
      " [0. 0. 0.]\n",
      " [0. 0. 0.]\n",
      " [0. 0. 0.]\n",
      " [0. 0. 0.]\n",
      " [0. 0. 0.]\n",
      " [0. 0. 0.]\n",
      " [0. 0. 0.]\n",
      " [0. 0. 1.]\n",
      " [0. 0. 0.]]\n",
      "[[ 1.97202030e+07 -5.08250367e+06 -5.29632261e+06 -6.24466603e+06\n",
      "  -4.09316622e+06 -6.63144129e+06 -2.53691127e+06  3.34149659e+06\n",
      "   4.96870379e+06  5.46104556e+06  1.52917204e+06  5.35554173e+05\n",
      "  -3.00906265e+05  5.97329236e+08 -1.54222056e+08 -1.60603399e+08\n",
      "  -1.89124766e+08 -1.23679758e+08 -1.99486136e+08 -7.31009065e+07\n",
      "   1.05010258e+08  1.53352557e+08  1.67806723e+08  4.68254679e+07\n",
      "   1.62503544e+07 -9.41619964e+06  0.00000000e+00]\n",
      " [-5.08250367e+06  5.06680814e+07 -7.57515334e+06 -9.31936859e+06\n",
      "  -6.57823124e+06 -1.21273487e+07 -9.95715975e+06 -1.34098001e+06\n",
      "   2.60844022e+06  4.04297475e+06  1.35785174e+06  6.47807811e+05\n",
      "  -4.71792303e+04 -1.54222086e+08  1.53510309e+09 -2.29652394e+08\n",
      "  -2.82294771e+08 -1.98988777e+08 -3.66053578e+08 -2.98032366e+08\n",
      "  -3.69626273e+07  8.17683568e+07  1.24783065e+08  4.16228483e+07\n",
      "   1.96512757e+07 -1.72098515e+06  0.00000000e+00]\n",
      " [-5.29632261e+06 -7.57515334e+06  8.38861089e+07 -1.06615890e+07\n",
      "  -8.05863337e+06 -1.64061727e+07 -1.84019668e+07 -8.73202519e+06\n",
      "  -2.49711041e+06 -8.06836184e+04  4.76746409e+05  5.33430936e+05\n",
      "   3.67481847e+05 -1.60603467e+08 -2.29652444e+08  2.54180291e+09\n",
      "  -3.23009007e+08 -2.44001600e+08 -4.96352959e+08 -5.55592813e+08\n",
      "  -2.62586991e+08 -7.41750198e+07 -1.20178989e+06  1.47072448e+07\n",
      "   1.61756056e+07  1.09760190e+07  0.00000000e+00]\n",
      " [-6.24466603e+06 -9.31936859e+06 -1.06615890e+07  1.65399213e+08\n",
      "  -1.21669850e+07 -2.76931664e+07 -3.94974179e+07 -2.65899948e+07\n",
      "  -1.45671246e+07 -9.72359108e+06 -1.58680602e+06  2.25249446e+05\n",
      "   1.26980115e+06 -1.89124925e+08 -2.82294939e+08 -3.23009121e+08\n",
      "   5.01178298e+09 -3.68830240e+08 -8.39782882e+08 -1.19848850e+09\n",
      "  -8.07370106e+08 -4.42635469e+08 -2.95664987e+08 -4.82981400e+07\n",
      "   6.81552846e+06  3.86082145e+07  0.00000000e+00]\n",
      " [-4.09316622e+06 -6.57823124e+06 -8.05863337e+06 -1.21669850e+07\n",
      "   1.94243300e+08 -2.82814340e+07 -4.75136687e+07 -3.72645789e+07\n",
      "  -2.37522863e+07 -1.82289289e+07 -3.75292715e+06 -4.77413311e+05\n",
      "   1.71695280e+06 -1.23679957e+08 -1.98989019e+08 -2.44001813e+08\n",
      "  -3.68830404e+08  5.88528968e+09 -8.59270311e+08 -1.44569767e+09\n",
      "  -1.13511592e+09 -7.24148665e+08 -5.56048257e+08 -1.14493441e+08\n",
      "  -1.45016139e+07  5.24981462e+07  0.00000000e+00]\n",
      " [-6.63144129e+06 -1.21273487e+07 -1.64061727e+07 -2.76931664e+07\n",
      "  -2.82814340e+07  5.32039221e+08 -1.44867250e+08 -1.22782997e+08\n",
      "  -8.33556148e+07 -6.72815483e+07 -1.49380714e+07 -3.18477831e+06\n",
      "   5.12018731e+06 -1.99486750e+08 -3.66054376e+08 -4.96353733e+08\n",
      "  -8.39783663e+08 -8.59270655e+08  1.61119127e+10 -4.41458506e+09\n",
      "  -3.74531753e+09 -2.54424406e+09 -2.05410986e+09 -4.55876904e+08\n",
      "  -9.66506406e+07  1.57119112e+08  0.00000000e+00]\n",
      " [-2.53691127e+06 -9.95715975e+06 -1.84019668e+07 -3.94974179e+07\n",
      "  -4.75136687e+07 -1.44867250e+08  9.48481798e+08 -2.74475462e+08\n",
      "  -1.96383416e+08 -1.65575423e+08 -3.96126000e+07 -1.22263259e+07\n",
      "   8.26452543e+06 -7.31021706e+07 -2.98034111e+08 -5.55594644e+08\n",
      "  -1.19849067e+09 -1.44569908e+09 -4.41458722e+09  2.86757901e+10\n",
      "  -8.38129518e+09 -5.99849724e+09 -5.05702477e+09 -1.20869152e+09\n",
      "  -3.70856605e+08  2.55531167e+08  0.00000000e+00]\n",
      " [ 3.34149659e+06 -1.34098001e+06 -8.73202519e+06 -2.65899948e+07\n",
      "  -3.72645789e+07 -1.22782997e+08 -2.74475462e+08  8.83822418e+08\n",
      "  -1.91806730e+08 -1.67081766e+08 -4.28275278e+07 -1.73431315e+07\n",
      "   2.93251445e+06  1.05009165e+08 -3.69642038e+07 -2.62588726e+08\n",
      "  -8.07372341e+08 -1.13511759e+09 -3.74532080e+09 -8.38129805e+09\n",
      "   2.67169530e+10 -5.85965804e+09 -5.10253628e+09 -1.30608040e+09\n",
      "  -5.25901643e+08  9.39468303e+07  0.00000000e+00]\n",
      " [ 4.96870379e+06  2.60844022e+06 -2.49711041e+06 -1.45671246e+07\n",
      "  -2.37522863e+07 -8.33556148e+07 -1.96383416e+08 -1.91806730e+08\n",
      "   6.99282621e+08 -1.32679204e+08 -3.73285624e+07 -1.99446734e+07\n",
      "  -4.57255451e+06  1.53351864e+08  8.17673019e+07 -7.41762466e+07\n",
      "  -4.42637185e+08 -7.24150099e+08 -2.54424728e+09 -5.99850144e+09\n",
      "  -5.85966010e+09  2.11538108e+10 -4.04989874e+09 -1.13731268e+09\n",
      "  -6.04634308e+08 -1.34772425e+08  0.00000000e+00]\n",
      " [ 5.46104556e+06  4.04297475e+06 -8.06836184e+04 -9.72359108e+06\n",
      "  -1.82289289e+07 -6.72815483e+07 -1.65575423e+08 -1.67081766e+08\n",
      "  -1.32679204e+08  6.39065933e+08 -4.06790882e+07 -2.83114174e+07\n",
      "  -1.47476744e+07  1.67806290e+08  1.24782326e+08 -1.20273687e+06\n",
      "  -2.95666484e+08 -5.56049683e+08 -2.05411351e+09 -5.05703076e+09\n",
      "  -5.10254047e+09 -4.04990058e+09  1.93399588e+10 -1.23780699e+09\n",
      "  -8.58111230e+08 -4.43721265e+08  0.00000000e+00]\n",
      " [ 1.52917204e+06  1.35785174e+06  4.76746409e+05 -1.58680602e+06\n",
      "  -3.75292715e+06 -1.49380714e+07 -3.96126000e+07 -4.28275278e+07\n",
      "  -3.73285624e+07 -4.06790882e+07  2.09189327e+08 -1.51015762e+07\n",
      "  -1.16077890e+07  4.68254770e+07  4.16227903e+07  1.47070984e+07\n",
      "  -4.82985004e+07 -1.14493902e+08 -4.55878339e+08 -1.20869451e+09\n",
      "  -1.30608300e+09 -1.13731434e+09 -1.23780805e+09  6.33763971e+09\n",
      "  -4.57648315e+08 -3.51069364e+08  0.00000000e+00]\n",
      " [ 5.35554173e+05  6.47807811e+05  5.33430936e+05  2.25249446e+05\n",
      "  -4.77413311e+05 -3.18477831e+06 -1.22263259e+07 -1.73431315e+07\n",
      "  -1.99446734e+07 -2.83114174e+07 -1.51015762e+07  1.19802058e+08\n",
      "  -1.65554243e+07  1.62505386e+07  1.96514519e+07  1.61756955e+07\n",
      "   6.81542753e+06 -1.45019301e+07 -9.66519337e+07 -3.70859915e+08\n",
      "  -5.25904922e+08 -6.04636732e+08 -8.58113237e+08 -4.57648726e+08\n",
      "   3.63016641e+09 -5.01621864e+08  0.00000000e+00]\n",
      " [-3.00906265e+05 -4.71792303e+04  3.67481847e+05  1.26980115e+06\n",
      "   1.71695280e+06  5.12018731e+06  8.26452543e+06  2.93251445e+06\n",
      "  -4.57255451e+06 -1.47476744e+07 -1.16077890e+07 -1.65554243e+07\n",
      "   3.76167972e+07 -9.41593220e+06 -1.72068418e+06  1.09762517e+07\n",
      "   3.86083087e+07  5.24979883e+07  1.57118164e+08  2.55528272e+08\n",
      "   9.39437210e+07 -1.34774899e+08 -4.43723524e+08 -3.51069975e+08\n",
      "  -5.01622143e+08  1.13943759e+09  0.00000000e+00]\n",
      " [ 5.97329236e+08 -1.54222086e+08 -1.60603467e+08 -1.89124925e+08\n",
      "  -1.23679957e+08 -1.99486750e+08 -7.31021706e+07  1.05009165e+08\n",
      "   1.53351864e+08  1.67806290e+08  4.68254770e+07  1.62505386e+07\n",
      "  -9.41593220e+06  4.85380828e+10 -1.24987700e+10 -1.30290600e+10\n",
      "  -1.53718839e+10 -1.00876931e+10 -1.63806400e+10 -6.40122264e+09\n",
      "   8.06577713e+09  1.21106600e+10  1.33417517e+10  3.74270896e+09\n",
      "   1.31703902e+09 -7.28012476e+08  0.00000000e+00]\n",
      " [-1.54222056e+08  1.53510309e+09 -2.29652444e+08 -2.82294939e+08\n",
      "  -1.98989019e+08 -3.66054376e+08 -2.98034111e+08 -3.69642038e+07\n",
      "   8.17673019e+07  1.24782326e+08  4.16227903e+07  1.96514519e+07\n",
      "  -1.72068418e+06 -1.24987700e+10  1.24696567e+11 -1.86371522e+10\n",
      "  -2.29382139e+10 -1.62026386e+10 -2.99033257e+10 -2.46561800e+10\n",
      "  -3.45187539e+09  6.30631739e+09  9.85536905e+09  3.32180720e+09\n",
      "   1.59331284e+09 -1.04046483e+08  0.00000000e+00]\n",
      " [-1.60603399e+08 -2.29652394e+08  2.54180291e+09 -3.23009121e+08\n",
      "  -2.44001813e+08 -4.96353733e+08 -5.55594644e+08 -2.62588726e+08\n",
      "  -7.41762466e+07 -1.20273687e+06  1.47070984e+07  1.61756955e+07\n",
      "   1.09762517e+07 -1.30290600e+10 -1.86371522e+10  2.06436170e+11\n",
      "  -2.62392085e+10 -1.98389292e+10 -4.04049281e+10 -4.53655595e+10\n",
      "  -2.15684932e+10 -6.20448517e+09 -2.48022988e+08  1.16283689e+09\n",
      "   1.31225494e+09  9.10680342e+08  0.00000000e+00]\n",
      " [-1.89124766e+08 -2.82294771e+08 -3.23009007e+08  5.01178298e+09\n",
      "  -3.68830404e+08 -8.39783663e+08 -1.19849067e+09 -8.07372341e+08\n",
      "  -4.42637185e+08 -2.95666484e+08 -4.82985004e+07  6.81542753e+06\n",
      "   3.86083087e+07 -1.53718839e+10 -2.29382139e+10 -2.62392085e+10\n",
      "   4.07030250e+11 -2.99340842e+10 -6.81189325e+10 -9.71194556e+10\n",
      "  -6.53562592e+10 -3.57896345e+10 -2.38800104e+10 -3.89474381e+09\n",
      "   5.54761579e+08  3.11859289e+09  0.00000000e+00]\n",
      " [-1.23679758e+08 -1.98988777e+08 -2.44001600e+08 -3.68830240e+08\n",
      "   5.88528968e+09 -8.59270655e+08 -1.44569908e+09 -1.13511759e+09\n",
      "  -7.24150099e+08 -5.56049683e+08 -1.14493902e+08 -1.45019301e+07\n",
      "   5.24979883e+07 -1.00876931e+10 -1.62026386e+10 -1.98389292e+10\n",
      "  -2.99340842e+10  4.78034592e+11 -6.94954799e+10 -1.16663429e+11\n",
      "  -9.14431514e+10 -5.82581267e+10 -4.46981008e+10 -9.20169764e+09\n",
      "  -1.17337061e+09  4.20453337e+09  0.00000000e+00]\n",
      " [-1.99486136e+08 -3.66053578e+08 -4.96352959e+08 -8.39782882e+08\n",
      "  -8.59270311e+08  1.61119127e+10 -4.41458722e+09 -3.74532080e+09\n",
      "  -2.54424728e+09 -2.05411351e+09 -4.55878339e+08 -9.66519337e+07\n",
      "   1.57118164e+08 -1.63806400e+10 -2.99033257e+10 -4.04049281e+10\n",
      "  -6.81189325e+10 -6.94954799e+10  1.30970606e+12 -3.55419654e+11\n",
      "  -3.01079217e+11 -2.04330107e+11 -1.64907031e+11 -3.66213091e+10\n",
      "  -7.83122862e+09  1.25148236e+10  0.00000000e+00]\n",
      " [-7.31009065e+07 -2.98032366e+08 -5.55592813e+08 -1.19848850e+09\n",
      "  -1.44569767e+09 -4.41458506e+09  2.86757901e+10 -8.38129805e+09\n",
      "  -5.99850144e+09 -5.05703076e+09 -1.20869451e+09 -3.70859915e+08\n",
      "   2.55528272e+08 -6.40122264e+09 -2.46561800e+10 -4.53655595e+10\n",
      "  -9.71194556e+10 -1.16663429e+11 -3.55419654e+11  2.33688697e+12\n",
      "  -6.72683322e+11 -4.81221268e+11 -4.05749651e+11 -9.71227186e+10\n",
      "  -3.00717534e+10  2.01182655e+10  0.00000000e+00]\n",
      " [ 1.05010258e+08 -3.69626273e+07 -2.62586991e+08 -8.07370106e+08\n",
      "  -1.13511592e+09 -3.74531753e+09 -8.38129518e+09  2.67169530e+10\n",
      "  -5.85966010e+09 -5.10254047e+09 -1.30608300e+09 -5.25904922e+08\n",
      "   9.39437210e+07  8.06577713e+09 -3.45187539e+09 -2.15684932e+10\n",
      "  -6.53562592e+10 -9.14431514e+10 -3.01079217e+11 -6.72683322e+11\n",
      "   2.17773538e+12 -4.69970600e+11 -4.09466598e+11 -1.05036380e+11\n",
      "  -4.26637034e+10  6.99809823e+09  0.00000000e+00]\n",
      " [ 1.53352557e+08  8.17683568e+07 -7.41750198e+07 -4.42635469e+08\n",
      "  -7.24148665e+08 -2.54424406e+09 -5.99849724e+09 -5.85965804e+09\n",
      "   2.11538108e+10 -4.04990058e+09 -1.13731434e+09 -6.04636732e+08\n",
      "  -1.34774899e+08  1.21106600e+10  6.30631739e+09 -6.20448517e+09\n",
      "  -3.57896345e+10 -5.82581267e+10 -2.04330107e+11 -4.81221268e+11\n",
      "  -4.69970600e+11  1.72236909e+12 -3.25244446e+11 -9.15960856e+10\n",
      "  -4.90698385e+10 -1.14147052e+10  0.00000000e+00]\n",
      " [ 1.67806723e+08  1.24783065e+08 -1.20178989e+06 -2.95664987e+08\n",
      "  -5.56048257e+08 -2.05410986e+09 -5.05702477e+09 -5.10253628e+09\n",
      "  -4.04989874e+09  1.93399588e+10 -1.23780805e+09 -8.58113237e+08\n",
      "  -4.43723524e+08  1.33417517e+10  9.85536905e+09 -2.48022988e+08\n",
      "  -2.38800104e+10 -4.46981008e+10 -1.64907031e+11 -4.05749651e+11\n",
      "  -4.09466598e+11 -3.25244446e+11  1.57371858e+12 -9.98856119e+10\n",
      "  -6.96613585e+10 -3.64273928e+10  0.00000000e+00]\n",
      " [ 4.68254679e+07  4.16228483e+07  1.47072448e+07 -4.82981400e+07\n",
      "  -1.14493441e+08 -4.55876904e+08 -1.20869152e+09 -1.30608040e+09\n",
      "  -1.13731268e+09 -1.23780699e+09  6.33763971e+09 -4.57648726e+08\n",
      "  -3.51069975e+08  3.74270896e+09  3.32180720e+09  1.16283689e+09\n",
      "  -3.89474381e+09 -9.20169764e+09 -3.66213091e+10 -9.71227186e+10\n",
      "  -1.05036380e+11 -9.15960856e+10 -9.98856119e+10  5.14836677e+11\n",
      "  -3.71611657e+10 -2.85937521e+10  0.00000000e+00]\n",
      " [ 1.62503544e+07  1.96512757e+07  1.61756056e+07  6.81552846e+06\n",
      "  -1.45016139e+07 -9.66506406e+07 -3.70856605e+08 -5.25901643e+08\n",
      "  -6.04634308e+08 -8.58111230e+08 -4.57648315e+08  3.63016641e+09\n",
      "  -5.01622143e+08  1.31703902e+09  1.59331284e+09  1.31225494e+09\n",
      "   5.54761579e+08 -1.17337061e+09 -7.83122862e+09 -3.00717534e+10\n",
      "  -4.26637034e+10 -4.90698385e+10 -6.96613585e+10 -3.71611657e+10\n",
      "   2.94818867e+11 -4.07421991e+10  0.00000000e+00]\n",
      " [-9.41619964e+06 -1.72098515e+06  1.09760190e+07  3.86082145e+07\n",
      "   5.24981462e+07  1.57119112e+08  2.55531167e+08  9.39468303e+07\n",
      "  -1.34772425e+08 -4.43721265e+08 -3.51069364e+08 -5.01621864e+08\n",
      "   1.13943759e+09 -7.28012476e+08 -1.04046483e+08  9.10680342e+08\n",
      "   3.11859289e+09  4.20453337e+09  1.25148236e+10  2.01182655e+10\n",
      "   6.99809823e+09 -1.14147052e+10 -3.64273928e+10 -2.85937521e+10\n",
      "  -4.07421991e+10  9.25878569e+10  0.00000000e+00]\n",
      " [ 0.00000000e+00  0.00000000e+00  0.00000000e+00  0.00000000e+00\n",
      "   0.00000000e+00  0.00000000e+00  0.00000000e+00  0.00000000e+00\n",
      "   0.00000000e+00  0.00000000e+00  0.00000000e+00  0.00000000e+00\n",
      "   0.00000000e+00  0.00000000e+00  0.00000000e+00  0.00000000e+00\n",
      "   0.00000000e+00  0.00000000e+00  0.00000000e+00  0.00000000e+00\n",
      "   0.00000000e+00  0.00000000e+00  0.00000000e+00  0.00000000e+00\n",
      "   0.00000000e+00  0.00000000e+00  8.69107926e+06]]\n",
      "eigenvalues :  [2.94249701e+12 2.39596933e+12 1.95972977e+12 1.52879770e+12\n",
      " 6.84746647e+11 5.07427818e+11 4.43465830e+11 3.22157758e+11\n",
      " 2.20010198e+11 1.33813718e+11 8.67618702e+10 4.61432001e+10\n",
      " 1.75807084e+10 7.49357272e+08 6.10267563e+08 4.99101151e+08\n",
      " 3.89390700e+08 1.74822092e+08 5.09587318e+06 1.18930653e+07\n",
      " 2.21959553e+07 3.42422819e+07 1.29237960e+08 1.13001717e+08\n",
      " 5.61001894e+07 8.21085245e+07 8.69107926e+06]\n",
      "condition number :  577427.4416994379\n",
      "eigenvalues :  [1.47124851e+12 1.19798467e+12 9.79864883e+11 7.64398850e+11\n",
      " 3.42373323e+11 2.53713909e+11 2.21732915e+11 1.61078879e+11\n",
      " 1.10005099e+11 6.69068589e+10 4.33809351e+10 2.30716001e+10\n",
      " 8.79035419e+09 3.74678636e+08 3.05133782e+08 2.49550576e+08\n",
      " 1.94695350e+08 8.74110461e+07 2.54793659e+06 5.94653263e+06\n",
      " 1.10979776e+07 1.71211410e+07 6.46189799e+07 5.65008584e+07\n",
      " 2.80500947e+07 4.10542622e+07 4.34553963e+06]\n",
      "condition number :  577427.4416994379\n"
     ]
    },
    {
     "name": "stderr",
     "output_type": "stream",
     "text": [
      "/Users/mag/miniconda3/envs/non_param_silver/lib/python3.9/site-packages/micmac/harmonic_Fisher_tools.py:132: RuntimeWarning: invalid value encountered in divide\n",
      "  m_drdr = (Sc_dr/(Sc+Nc))**2\n"
     ]
    }
   ],
   "source": [
    "Fisher_matrix = micmac.full_fisher(mixing_matrix_obj, exact_params_mixing_matrix, Cl_lens, Cl_prim, data_map_extended, MICMAC_sampler_obj.lmax, inv_Nl, \n",
    "                            lmin=MICMAC_sampler_obj.lmin, r_start=MICMAC_sampler_obj.r_true, mode=mode_Fisher, Sc_approx=c_ell_approx)"
   ]
  },
  {
   "cell_type": "code",
   "execution_count": 12,
   "metadata": {},
   "outputs": [],
   "source": [
    "sqrt_inv_Fisher = sp.linalg.sqrtm(np.linalg.pinv(Fisher_matrix))"
   ]
  },
  {
   "cell_type": "code",
   "execution_count": 13,
   "metadata": {},
   "outputs": [
    {
     "data": {
      "text/plain": [
       "array([4.28705897e-04, 2.77623361e-04, 2.24804261e-04, 1.74104625e-04,\n",
       "       1.66484975e-04, 1.22604167e-04, 1.07536850e-04, 1.10579168e-04,\n",
       "       1.17340369e-04, 1.19079899e-04, 1.64016163e-04, 1.98201566e-04,\n",
       "       3.20173552e-04, 6.91768702e-06, 4.50162201e-06, 3.66219972e-06,\n",
       "       2.85633328e-06, 2.74055953e-06, 2.03974095e-06, 1.80162349e-06,\n",
       "       1.85249999e-06, 1.96141204e-06, 1.98756499e-06, 2.70400180e-06,\n",
       "       3.24202029e-06, 5.18102662e-06, 4.79709305e-04])"
      ]
     },
     "execution_count": 13,
     "metadata": {},
     "output_type": "execute_result"
    }
   ],
   "source": [
    "np.diag(sqrt_inv_Fisher)"
   ]
  },
  {
   "cell_type": "code",
   "execution_count": 14,
   "metadata": {},
   "outputs": [
    {
     "name": "stdout",
     "output_type": "stream",
     "text": [
      "Saving Fisher matrix in /Users/mag/Documents/PHD1Y/Space_Work/Pixel_non_P2D/MICMAC/test_playground/Fisher_matrix_LiteBIRD_EB_model_d0s0_noise_True_seed_42_lmin2_lmax128.txt\n"
     ]
    }
   ],
   "source": [
    "path_dir_Fisher = '/Users/mag/Documents/PHD1Y/Space_Work/Pixel_non_P2D/MICMAC/test_playground/'\n",
    "\n",
    "lmin = MICMAC_sampler_obj.lmin\n",
    "lmax = MICMAC_sampler_obj.lmax\n",
    "r_true = MICMAC_sampler_obj.r_true\n",
    "name_Fisher = 'Fisher_matrix_'+instr_name+'_'+mode_Fisher+'_model_'+model+'_noise_'+str(noise)+'_seed_'+str(noise_seed)+f'_lmin{lmin}_lmax{lmax}'+'.txt'\n",
    "\n",
    "print('Saving Fisher matrix in', path_dir_Fisher + name_Fisher)\n",
    "np.savetxt(path_dir_Fisher + name_Fisher, Fisher_matrix)\n"
   ]
  },
  {
   "cell_type": "code",
   "execution_count": null,
   "metadata": {},
   "outputs": [],
   "source": []
  }
 ],
 "metadata": {
  "kernelspec": {
   "display_name": "non_param_silver",
   "language": "python",
   "name": "python3"
  },
  "language_info": {
   "codemirror_mode": {
    "name": "ipython",
    "version": 3
   },
   "file_extension": ".py",
   "mimetype": "text/x-python",
   "name": "python",
   "nbconvert_exporter": "python",
   "pygments_lexer": "ipython3",
   "version": "3.9.16"
  }
 },
 "nbformat": 4,
 "nbformat_minor": 2
}
