{
 "cells": [
  {
   "cell_type": "markdown",
   "metadata": {},
   "source": [
    "# Fisher test"
   ]
  },
  {
   "cell_type": "code",
   "execution_count": 1,
   "metadata": {},
   "outputs": [],
   "source": [
    "import os, sys, time\n",
    "import numpy as np\n",
    "import scipy as sp\n",
    "import healpy as hp\n",
    "from fgbuster.observation_helpers import *\n",
    "\n",
    "import micmac"
   ]
  },
  {
   "cell_type": "code",
   "execution_count": 2,
   "metadata": {},
   "outputs": [],
   "source": [
    "working_directory_path = os.path.abspath('') + '/'\n",
    "directory_toml_file = working_directory_path #+ 'toml_params/'\n",
    "\n",
    "path_toml_file = directory_toml_file + 'corr_cutsky_LB_v1a.toml'"
   ]
  },
  {
   "cell_type": "code",
   "execution_count": 3,
   "metadata": {},
   "outputs": [
    {
     "name": "stdout",
     "output_type": "stream",
     "text": [
      "No spatial variability case\n"
     ]
    },
    {
     "name": "stdout",
     "output_type": "stream",
     "text": [
      "\n",
      ">>> Tree of spv config as passed by the User:\n",
      "root\n",
      "  nside_spv\n",
      "    default: [0]\n",
      "    f0\n",
      "      default: None\n",
      "      b0\n",
      "        default: None\n",
      "      b1\n",
      "        default: None\n",
      "      b2\n",
      "        default: None\n",
      "      b3\n",
      "        default: None\n",
      "      b4\n",
      "        default: None\n",
      "      b5\n",
      "        default: None\n",
      "      b6\n",
      "        default: None\n",
      "      b7\n",
      "        default: None\n",
      "      b8\n",
      "        default: None\n",
      "      b9\n",
      "        default: None\n",
      "      b10\n",
      "        default: None\n",
      "      b11\n",
      "        default: None\n",
      "      b12\n",
      "        default: None\n",
      "    f1\n",
      "      default: None\n",
      "      b0\n",
      "        default: None\n",
      "      b1\n",
      "        default: None\n",
      "      b2\n",
      "        default: None\n",
      "      b3\n",
      "        default: None\n",
      "      b4\n",
      "        default: None\n",
      "      b5\n",
      "        default: None\n",
      "      b6\n",
      "        default: None\n",
      "      b7\n",
      "        default: None\n",
      "      b8\n",
      "        default: None\n",
      "      b9\n",
      "        default: None\n",
      "      b10\n",
      "        default: None\n",
      "      b11\n",
      "        default: None\n",
      "      b12\n",
      "        default: None\n",
      "\n",
      ">>> Tree of spv config after filling the missing values:\n",
      "root\n",
      "  nside_spv\n",
      "    default: [0]\n",
      "    f0\n",
      "      default: [0]\n",
      "      b0\n",
      "        default: [0]\n",
      "      b1\n",
      "        default: [0]\n",
      "      b2\n",
      "        default: [0]\n",
      "      b3\n",
      "        default: [0]\n",
      "      b4\n",
      "        default: [0]\n",
      "      b5\n",
      "        default: [0]\n",
      "      b6\n",
      "        default: [0]\n",
      "      b7\n",
      "        default: [0]\n",
      "      b8\n",
      "        default: [0]\n",
      "      b9\n",
      "        default: [0]\n",
      "      b10\n",
      "        default: [0]\n",
      "      b11\n",
      "        default: [0]\n",
      "      b12\n",
      "        default: [0]\n",
      "    f1\n",
      "      default: [0]\n",
      "      b0\n",
      "        default: [0]\n",
      "      b1\n",
      "        default: [0]\n",
      "      b2\n",
      "        default: [0]\n",
      "      b3\n",
      "        default: [0]\n",
      "      b4\n",
      "        default: [0]\n",
      "      b5\n",
      "        default: [0]\n",
      "      b6\n",
      "        default: [0]\n",
      "      b7\n",
      "        default: [0]\n",
      "      b8\n",
      "        default: [0]\n",
      "      b9\n",
      "        default: [0]\n",
      "      b10\n",
      "        default: [0]\n",
      "      b11\n",
      "        default: [0]\n",
      "      b12\n",
      "        default: [0]\n"
     ]
    }
   ],
   "source": [
    "MICMAC_sampler_obj = micmac.create_MICMAC_sampler_from_toml_file(path_toml_file)"
   ]
  },
  {
   "cell_type": "code",
   "execution_count": 4,
   "metadata": {},
   "outputs": [
    {
     "name": "stderr",
     "output_type": "stream",
     "text": [
      "OMP: Info #276: omp_set_nested routine deprecated, please use omp_set_max_active_levels instead.\n"
     ]
    },
    {
     "name": "stdout",
     "output_type": "stream",
     "text": [
      "Shape for input frequency maps : (15, 2, 49152)\n"
     ]
    }
   ],
   "source": [
    "# General parameters\n",
    "cmb_model = 'c1'\n",
    "cmb_model = ''\n",
    "fgs_model = 'd0s0'\n",
    "# fgs_model = 'd7s0'\n",
    "model = cmb_model+fgs_model\n",
    "noise = True\n",
    "# noise = False\n",
    "noise_seed = 42\n",
    "# instr_name = dictionary_parameters['instrument_name'] #'SO_SAT'\n",
    "# instr_name = 'SO_SAT'\n",
    "instr_name = MICMAC_sampler_obj.instrument_name\n",
    "\n",
    "# get instrument from public database\n",
    "instrument = get_instrument(instr_name)\n",
    "\n",
    "# get input freq maps\n",
    "np.random.seed(noise_seed)\n",
    "# freq_maps = get_observation(instrument, model, nside=NSIDE, noise=noise)[:, 1:, :]   # keep only Q and U\n",
    "freq_maps_fgs = get_observation(instrument, fgs_model, nside=MICMAC_sampler_obj.nside, noise=noise)[:, 1:, :]   # keep only Q and U\n",
    "print(\"Shape for input frequency maps :\", freq_maps_fgs.shape)\n",
    "\n",
    "fgbuster_input_freq_maps = get_observation(instrument, model, nside=MICMAC_sampler_obj.nside, noise=noise)[:, 1:, :]   # keep only Q and U"
   ]
  },
  {
   "cell_type": "code",
   "execution_count": 5,
   "metadata": {},
   "outputs": [],
   "source": [
    "init_mixing_matrix_obj = micmac.InitMixingMatrix(np.array(instrument['frequency']), \n",
    "                                                 MICMAC_sampler_obj.n_components, \n",
    "                                                 pos_special_freqs=MICMAC_sampler_obj.pos_special_freqs, \n",
    "                                                 spv_nodes_b=MICMAC_sampler_obj.spv_nodes_b)\n",
    "\n",
    "exact_params_mixing_matrix = init_mixing_matrix_obj.init_params()\n",
    "\n",
    "mixing_matrix_obj = micmac.MixingMatrix(frequency_array=instrument['frequency'], \n",
    "                                        n_components=MICMAC_sampler_obj.n_components, \n",
    "                                        params=exact_params_mixing_matrix,\n",
    "                                        pos_special_freqs=MICMAC_sampler_obj.pos_special_freqs, \n",
    "                                        spv_nodes_b=MICMAC_sampler_obj.spv_nodes_b, \n",
    "                                        nside=MICMAC_sampler_obj.nside)\n",
    "\n",
    "inv_Nl = micmac.get_true_Cl_noise(np.array(instrument['depth_p']), lmax=MICMAC_sampler_obj.lmax)"
   ]
  },
  {
   "cell_type": "markdown",
   "metadata": {},
   "source": [
    "# Getting input data"
   ]
  },
  {
   "cell_type": "code",
   "execution_count": 6,
   "metadata": {},
   "outputs": [
    {
     "data": {
      "text/plain": [
       "'LiteBIRD'"
      ]
     },
     "execution_count": 6,
     "metadata": {},
     "output_type": "execute_result"
    }
   ],
   "source": [
    "MICMAC_sampler_obj.instrument_name"
   ]
  },
  {
   "cell_type": "code",
   "execution_count": 7,
   "metadata": {},
   "outputs": [
    {
     "name": "stdout",
     "output_type": "stream",
     "text": [
      "Calculating spectra from CAMB !\n",
      "Calculating spectra from CAMB !\n"
     ]
    }
   ],
   "source": [
    "input_freq_maps, input_cmb_maps, theoretical_red_cov_r0_total, theoretical_red_cov_r1_tensor = MICMAC_sampler_obj.generate_input_freq_maps_from_fgs(freq_maps_fgs, return_only_freq_maps=False)\n",
    "\n",
    "theoretical_r0_total = micmac.get_c_ells_from_red_covariance_matrix(theoretical_red_cov_r0_total)#[partial_indices_polar,:]\n",
    "theoretical_r1_tensor = micmac.get_c_ells_from_red_covariance_matrix(theoretical_red_cov_r1_tensor)#[partial_indices_polar,:]"
   ]
  },
  {
   "cell_type": "code",
   "execution_count": 8,
   "metadata": {},
   "outputs": [],
   "source": [
    "# data_map = input_freq_maps\n",
    "data_map = fgbuster_input_freq_maps\n",
    "\n",
    "data_map_extended = np.insert(data_map, [0], np.zeros(MICMAC_sampler_obj.n_pix), axis=1)"
   ]
  },
  {
   "cell_type": "code",
   "execution_count": 9,
   "metadata": {},
   "outputs": [],
   "source": [
    "indices_polar = np.array([1,2,4])\n",
    "partial_indices_polar = indices_polar[:MICMAC_sampler_obj.nstokes]\n",
    "\n",
    "c_ell_approx = np.zeros((6, MICMAC_sampler_obj.lmax+1))\n",
    "c_ell_approx[indices_polar,MICMAC_sampler_obj.lmin:] = theoretical_r0_total\n",
    "\n",
    "Cl_lens = np.zeros_like(c_ell_approx)\n",
    "Cl_lens[indices_polar,MICMAC_sampler_obj.lmin:] = theoretical_r0_total\n",
    "\n",
    "Cl_prim = np.zeros_like(c_ell_approx)\n",
    "Cl_prim[indices_polar,MICMAC_sampler_obj.lmin:] = theoretical_r1_tensor"
   ]
  },
  {
   "cell_type": "markdown",
   "metadata": {},
   "source": [
    "# Compute Fisher"
   ]
  },
  {
   "cell_type": "code",
   "execution_count": 10,
   "metadata": {},
   "outputs": [],
   "source": [
    "mode_Fisher = 'EB'"
   ]
  },
  {
   "cell_type": "code",
   "execution_count": 11,
   "metadata": {},
   "outputs": [
    {
     "name": "stdout",
     "output_type": "stream",
     "text": [
      "1 of 15 complete\n",
      "2 of 15 complete\n",
      "3 of 15 complete\n",
      "4 of 15 complete\n",
      "5 of 15 complete\n"
     ]
    },
    {
     "name": "stdout",
     "output_type": "stream",
     "text": [
      "6 of 15 complete\n",
      "7 of 15 complete\n",
      "8 of 15 complete\n",
      "9 of 15 complete\n",
      "10 of 15 complete\n",
      "11 of 15 complete\n",
      "12 of 15 complete\n",
      "13 of 15 complete\n",
      "14 of 15 complete\n",
      "15 of 15 complete\n",
      "Computing mixing matrix\n",
      "A_dB =  [[0. 0. 0.]\n",
      " [0. 1. 0.]\n",
      " [0. 0. 0.]\n",
      " [0. 0. 0.]\n",
      " [0. 0. 0.]\n",
      " [0. 0. 0.]\n",
      " [0. 0. 0.]\n",
      " [0. 0. 0.]\n",
      " [0. 0. 0.]\n",
      " [0. 0. 0.]\n",
      " [0. 0. 0.]\n",
      " [0. 0. 0.]\n",
      " [0. 0. 0.]\n",
      " [0. 0. 0.]\n",
      " [0. 0. 0.]]\n"
     ]
    },
    {
     "name": "stderr",
     "output_type": "stream",
     "text": [
      "/Users/mag/Documents/PHD1Y/Space_Work/Pixel_non_P2D/MICMAC/micmac/harmonic_Fisher_tools.py:119: RuntimeWarning: invalid value encountered in divide\n",
      "  m1_dBdB = 2.0*np.trace(_mtmm(A_dB_i, P, _mm(A_dB_j, sst_avg)), axis1=-1, axis2=-2) - Nc_dB*Nc_dB_prime/((Sc+Nc)**2) + Nc_dB*Nc_dB_prime/((Sc_approx+Nc)**2)\n",
      "/Users/mag/Documents/PHD1Y/Space_Work/Pixel_non_P2D/MICMAC/micmac/harmonic_Fisher_tools.py:120: RuntimeWarning: invalid value encountered in divide\n",
      "  m2_dBdB = -2.0*(Sc-Sc_approx)/((Sc_approx+Nc)*(Sc+Nc))*_mmm(cov, _mmm(_mtmm(A, invN, A_dB_i), cov, _mtmm(A, invN, A_dB_j))\n",
      "/Users/mag/Documents/PHD1Y/Space_Work/Pixel_non_P2D/MICMAC/micmac/harmonic_Fisher_tools.py:124: RuntimeWarning: invalid value encountered in multiply\n",
      "  m3_dBdB = 2.0/(Sc+Nc)*_mmm(cov, _mmm(_mtmm(A, invN, A_dB_i), sst_avg, _mtmm(A_dB_j, invN, A)), cov)[..., 0, 0]\n"
     ]
    },
    {
     "name": "stdout",
     "output_type": "stream",
     "text": [
      "A_dB =  [[0. 0. 0.]\n",
      " [0. 0. 0.]\n",
      " [0. 1. 0.]\n",
      " [0. 0. 0.]\n",
      " [0. 0. 0.]\n",
      " [0. 0. 0.]\n",
      " [0. 0. 0.]\n",
      " [0. 0. 0.]\n",
      " [0. 0. 0.]\n",
      " [0. 0. 0.]\n",
      " [0. 0. 0.]\n",
      " [0. 0. 0.]\n",
      " [0. 0. 0.]\n",
      " [0. 0. 0.]\n",
      " [0. 0. 0.]]\n",
      "A_dB =  [[0. 0. 0.]\n",
      " [0. 0. 0.]\n",
      " [0. 0. 0.]\n",
      " [0. 1. 0.]\n",
      " [0. 0. 0.]\n",
      " [0. 0. 0.]\n",
      " [0. 0. 0.]\n",
      " [0. 0. 0.]\n",
      " [0. 0. 0.]\n",
      " [0. 0. 0.]\n",
      " [0. 0. 0.]\n",
      " [0. 0. 0.]\n",
      " [0. 0. 0.]\n",
      " [0. 0. 0.]\n",
      " [0. 0. 0.]]\n",
      "A_dB =  [[0. 0. 0.]\n",
      " [0. 0. 0.]\n",
      " [0. 0. 0.]\n",
      " [0. 0. 0.]\n",
      " [0. 1. 0.]\n",
      " [0. 0. 0.]\n",
      " [0. 0. 0.]\n",
      " [0. 0. 0.]\n",
      " [0. 0. 0.]\n",
      " [0. 0. 0.]\n",
      " [0. 0. 0.]\n",
      " [0. 0. 0.]\n",
      " [0. 0. 0.]\n",
      " [0. 0. 0.]\n",
      " [0. 0. 0.]]\n",
      "A_dB =  [[0. 0. 0.]\n",
      " [0. 0. 0.]\n",
      " [0. 0. 0.]\n",
      " [0. 0. 0.]\n",
      " [0. 0. 0.]\n",
      " [0. 1. 0.]\n",
      " [0. 0. 0.]\n",
      " [0. 0. 0.]\n",
      " [0. 0. 0.]\n",
      " [0. 0. 0.]\n",
      " [0. 0. 0.]\n",
      " [0. 0. 0.]\n",
      " [0. 0. 0.]\n",
      " [0. 0. 0.]\n",
      " [0. 0. 0.]]\n",
      "A_dB =  [[0. 0. 0.]\n",
      " [0. 0. 0.]\n",
      " [0. 0. 0.]\n",
      " [0. 0. 0.]\n",
      " [0. 0. 0.]\n",
      " [0. 0. 0.]\n",
      " [0. 1. 0.]\n",
      " [0. 0. 0.]\n",
      " [0. 0. 0.]\n",
      " [0. 0. 0.]\n",
      " [0. 0. 0.]\n",
      " [0. 0. 0.]\n",
      " [0. 0. 0.]\n",
      " [0. 0. 0.]\n",
      " [0. 0. 0.]]\n",
      "A_dB =  [[0. 0. 0.]\n",
      " [0. 0. 0.]\n",
      " [0. 0. 0.]\n",
      " [0. 0. 0.]\n",
      " [0. 0. 0.]\n",
      " [0. 0. 0.]\n",
      " [0. 0. 0.]\n",
      " [0. 1. 0.]\n",
      " [0. 0. 0.]\n",
      " [0. 0. 0.]\n",
      " [0. 0. 0.]\n",
      " [0. 0. 0.]\n",
      " [0. 0. 0.]\n",
      " [0. 0. 0.]\n",
      " [0. 0. 0.]]\n",
      "A_dB =  [[0. 0. 0.]\n",
      " [0. 0. 0.]\n",
      " [0. 0. 0.]\n",
      " [0. 0. 0.]\n",
      " [0. 0. 0.]\n",
      " [0. 0. 0.]\n",
      " [0. 0. 0.]\n",
      " [0. 0. 0.]\n",
      " [0. 1. 0.]\n",
      " [0. 0. 0.]\n",
      " [0. 0. 0.]\n",
      " [0. 0. 0.]\n",
      " [0. 0. 0.]\n",
      " [0. 0. 0.]\n",
      " [0. 0. 0.]]\n",
      "A_dB =  [[0. 0. 0.]\n",
      " [0. 0. 0.]\n",
      " [0. 0. 0.]\n",
      " [0. 0. 0.]\n",
      " [0. 0. 0.]\n",
      " [0. 0. 0.]\n",
      " [0. 0. 0.]\n",
      " [0. 0. 0.]\n",
      " [0. 0. 0.]\n",
      " [0. 1. 0.]\n",
      " [0. 0. 0.]\n",
      " [0. 0. 0.]\n",
      " [0. 0. 0.]\n",
      " [0. 0. 0.]\n",
      " [0. 0. 0.]]\n",
      "A_dB =  [[0. 0. 0.]\n",
      " [0. 0. 0.]\n",
      " [0. 0. 0.]\n",
      " [0. 0. 0.]\n",
      " [0. 0. 0.]\n",
      " [0. 0. 0.]\n",
      " [0. 0. 0.]\n",
      " [0. 0. 0.]\n",
      " [0. 0. 0.]\n",
      " [0. 0. 0.]\n",
      " [0. 1. 0.]\n",
      " [0. 0. 0.]\n",
      " [0. 0. 0.]\n",
      " [0. 0. 0.]\n",
      " [0. 0. 0.]]\n",
      "A_dB =  [[0. 0. 0.]\n",
      " [0. 0. 0.]\n",
      " [0. 0. 0.]\n",
      " [0. 0. 0.]\n",
      " [0. 0. 0.]\n",
      " [0. 0. 0.]\n",
      " [0. 0. 0.]\n",
      " [0. 0. 0.]\n",
      " [0. 0. 0.]\n",
      " [0. 0. 0.]\n",
      " [0. 0. 0.]\n",
      " [0. 1. 0.]\n",
      " [0. 0. 0.]\n",
      " [0. 0. 0.]\n",
      " [0. 0. 0.]]\n",
      "A_dB =  [[0. 0. 0.]\n",
      " [0. 0. 0.]\n",
      " [0. 0. 0.]\n",
      " [0. 0. 0.]\n",
      " [0. 0. 0.]\n",
      " [0. 0. 0.]\n",
      " [0. 0. 0.]\n",
      " [0. 0. 0.]\n",
      " [0. 0. 0.]\n",
      " [0. 0. 0.]\n",
      " [0. 0. 0.]\n",
      " [0. 0. 0.]\n",
      " [0. 1. 0.]\n",
      " [0. 0. 0.]\n",
      " [0. 0. 0.]]\n",
      "A_dB =  [[0. 0. 0.]\n",
      " [0. 0. 0.]\n",
      " [0. 0. 0.]\n",
      " [0. 0. 0.]\n",
      " [0. 0. 0.]\n",
      " [0. 0. 0.]\n",
      " [0. 0. 0.]\n",
      " [0. 0. 0.]\n",
      " [0. 0. 0.]\n",
      " [0. 0. 0.]\n",
      " [0. 0. 0.]\n",
      " [0. 0. 0.]\n",
      " [0. 0. 0.]\n",
      " [0. 1. 0.]\n",
      " [0. 0. 0.]]\n",
      "A_dB =  [[0. 0. 0.]\n",
      " [0. 0. 1.]\n",
      " [0. 0. 0.]\n",
      " [0. 0. 0.]\n",
      " [0. 0. 0.]\n",
      " [0. 0. 0.]\n",
      " [0. 0. 0.]\n",
      " [0. 0. 0.]\n",
      " [0. 0. 0.]\n",
      " [0. 0. 0.]\n",
      " [0. 0. 0.]\n",
      " [0. 0. 0.]\n",
      " [0. 0. 0.]\n",
      " [0. 0. 0.]\n",
      " [0. 0. 0.]]\n",
      "A_dB =  [[0. 0. 0.]\n",
      " [0. 0. 0.]\n",
      " [0. 0. 1.]\n",
      " [0. 0. 0.]\n",
      " [0. 0. 0.]\n",
      " [0. 0. 0.]\n",
      " [0. 0. 0.]\n",
      " [0. 0. 0.]\n",
      " [0. 0. 0.]\n",
      " [0. 0. 0.]\n",
      " [0. 0. 0.]\n",
      " [0. 0. 0.]\n",
      " [0. 0. 0.]\n",
      " [0. 0. 0.]\n",
      " [0. 0. 0.]]\n",
      "A_dB =  [[0. 0. 0.]\n",
      " [0. 0. 0.]\n",
      " [0. 0. 0.]\n",
      " [0. 0. 1.]\n",
      " [0. 0. 0.]\n",
      " [0. 0. 0.]\n",
      " [0. 0. 0.]\n",
      " [0. 0. 0.]\n",
      " [0. 0. 0.]\n",
      " [0. 0. 0.]\n",
      " [0. 0. 0.]\n",
      " [0. 0. 0.]\n",
      " [0. 0. 0.]\n",
      " [0. 0. 0.]\n",
      " [0. 0. 0.]]\n",
      "A_dB =  [[0. 0. 0.]\n",
      " [0. 0. 0.]\n",
      " [0. 0. 0.]\n",
      " [0. 0. 0.]\n",
      " [0. 0. 1.]\n",
      " [0. 0. 0.]\n",
      " [0. 0. 0.]\n",
      " [0. 0. 0.]\n",
      " [0. 0. 0.]\n",
      " [0. 0. 0.]\n",
      " [0. 0. 0.]\n",
      " [0. 0. 0.]\n",
      " [0. 0. 0.]\n",
      " [0. 0. 0.]\n",
      " [0. 0. 0.]]\n",
      "A_dB =  [[0. 0. 0.]\n",
      " [0. 0. 0.]\n",
      " [0. 0. 0.]\n",
      " [0. 0. 0.]\n",
      " [0. 0. 0.]\n",
      " [0. 0. 1.]\n",
      " [0. 0. 0.]\n",
      " [0. 0. 0.]\n",
      " [0. 0. 0.]\n",
      " [0. 0. 0.]\n",
      " [0. 0. 0.]\n",
      " [0. 0. 0.]\n",
      " [0. 0. 0.]\n",
      " [0. 0. 0.]\n",
      " [0. 0. 0.]]\n",
      "A_dB =  [[0. 0. 0.]\n",
      " [0. 0. 0.]\n",
      " [0. 0. 0.]\n",
      " [0. 0. 0.]\n",
      " [0. 0. 0.]\n",
      " [0. 0. 0.]\n",
      " [0. 0. 1.]\n",
      " [0. 0. 0.]\n",
      " [0. 0. 0.]\n",
      " [0. 0. 0.]\n",
      " [0. 0. 0.]\n",
      " [0. 0. 0.]\n",
      " [0. 0. 0.]\n",
      " [0. 0. 0.]\n",
      " [0. 0. 0.]]\n",
      "A_dB =  [[0. 0. 0.]\n",
      " [0. 0. 0.]\n",
      " [0. 0. 0.]\n",
      " [0. 0. 0.]\n",
      " [0. 0. 0.]\n",
      " [0. 0. 0.]\n",
      " [0. 0. 0.]\n",
      " [0. 0. 1.]\n",
      " [0. 0. 0.]\n",
      " [0. 0. 0.]\n",
      " [0. 0. 0.]\n",
      " [0. 0. 0.]\n",
      " [0. 0. 0.]\n",
      " [0. 0. 0.]\n",
      " [0. 0. 0.]]\n",
      "A_dB =  [[0. 0. 0.]\n",
      " [0. 0. 0.]\n",
      " [0. 0. 0.]\n",
      " [0. 0. 0.]\n",
      " [0. 0. 0.]\n",
      " [0. 0. 0.]\n",
      " [0. 0. 0.]\n",
      " [0. 0. 0.]\n",
      " [0. 0. 1.]\n",
      " [0. 0. 0.]\n",
      " [0. 0. 0.]\n",
      " [0. 0. 0.]\n",
      " [0. 0. 0.]\n",
      " [0. 0. 0.]\n",
      " [0. 0. 0.]]\n",
      "A_dB =  [[0. 0. 0.]\n",
      " [0. 0. 0.]\n",
      " [0. 0. 0.]\n",
      " [0. 0. 0.]\n",
      " [0. 0. 0.]\n",
      " [0. 0. 0.]\n",
      " [0. 0. 0.]\n",
      " [0. 0. 0.]\n",
      " [0. 0. 0.]\n",
      " [0. 0. 1.]\n",
      " [0. 0. 0.]\n",
      " [0. 0. 0.]\n",
      " [0. 0. 0.]\n",
      " [0. 0. 0.]\n",
      " [0. 0. 0.]]\n",
      "A_dB =  [[0. 0. 0.]\n",
      " [0. 0. 0.]\n",
      " [0. 0. 0.]\n",
      " [0. 0. 0.]\n",
      " [0. 0. 0.]\n",
      " [0. 0. 0.]\n",
      " [0. 0. 0.]\n",
      " [0. 0. 0.]\n",
      " [0. 0. 0.]\n",
      " [0. 0. 0.]\n",
      " [0. 0. 1.]\n",
      " [0. 0. 0.]\n",
      " [0. 0. 0.]\n",
      " [0. 0. 0.]\n",
      " [0. 0. 0.]]\n",
      "A_dB =  [[0. 0. 0.]\n",
      " [0. 0. 0.]\n",
      " [0. 0. 0.]\n",
      " [0. 0. 0.]\n",
      " [0. 0. 0.]\n",
      " [0. 0. 0.]\n",
      " [0. 0. 0.]\n",
      " [0. 0. 0.]\n",
      " [0. 0. 0.]\n",
      " [0. 0. 0.]\n",
      " [0. 0. 0.]\n",
      " [0. 0. 1.]\n",
      " [0. 0. 0.]\n",
      " [0. 0. 0.]\n",
      " [0. 0. 0.]]\n",
      "A_dB =  [[0. 0. 0.]\n",
      " [0. 0. 0.]\n",
      " [0. 0. 0.]\n",
      " [0. 0. 0.]\n",
      " [0. 0. 0.]\n",
      " [0. 0. 0.]\n",
      " [0. 0. 0.]\n",
      " [0. 0. 0.]\n",
      " [0. 0. 0.]\n",
      " [0. 0. 0.]\n",
      " [0. 0. 0.]\n",
      " [0. 0. 0.]\n",
      " [0. 0. 1.]\n",
      " [0. 0. 0.]\n",
      " [0. 0. 0.]]\n",
      "A_dB =  [[0. 0. 0.]\n",
      " [0. 0. 0.]\n",
      " [0. 0. 0.]\n",
      " [0. 0. 0.]\n",
      " [0. 0. 0.]\n",
      " [0. 0. 0.]\n",
      " [0. 0. 0.]\n",
      " [0. 0. 0.]\n",
      " [0. 0. 0.]\n",
      " [0. 0. 0.]\n",
      " [0. 0. 0.]\n",
      " [0. 0. 0.]\n",
      " [0. 0. 0.]\n",
      " [0. 0. 1.]\n",
      " [0. 0. 0.]]\n",
      "[[ 1.97208695e+07 -5.08323547e+06 -5.29694996e+06 -6.24510689e+06\n",
      "  -4.09309389e+06 -6.63019548e+06 -2.53236111e+06  3.34656197e+06\n",
      "   4.97269438e+06  5.46449264e+06  1.52993141e+06  5.35632072e+05\n",
      "  -3.01310328e+05  5.97330107e+08 -1.54222579e+08 -1.60603912e+08\n",
      "  -1.89125300e+08 -1.23680023e+08 -1.99486297e+08 -7.31000026e+07\n",
      "   1.05011689e+08  1.53353845e+08  1.67807917e+08  4.68257538e+07\n",
      "   1.62504106e+07 -9.41631517e+06  0.00000000e+00]\n",
      " [-5.08323547e+06  5.06703577e+07 -7.57592424e+06 -9.31995024e+06\n",
      "  -6.57821680e+06 -1.21260895e+07 -9.95221800e+06 -1.33538248e+06\n",
      "   2.61288496e+06  4.04682908e+06  1.35870316e+06  6.47895928e+05\n",
      "  -4.76319824e+04 -1.54222549e+08  1.53510560e+09 -2.29653021e+08\n",
      "  -2.82295470e+08 -1.98989186e+08 -3.66054087e+08 -2.98032006e+08\n",
      "  -3.69615978e+07  8.17694053e+07  1.24784087e+08  4.16231046e+07\n",
      "   1.96513366e+07 -1.72107524e+06  0.00000000e+00]\n",
      " [-5.29694996e+06 -7.57592424e+06  8.38904537e+07 -1.06621680e+07\n",
      "  -8.05872283e+06 -1.64054118e+07 -1.83984083e+07 -8.72784516e+06\n",
      "  -2.49373852e+06 -7.77381473e+04  4.77399623e+05  5.33497900e+05\n",
      "   3.67132225e+05 -1.60603845e+08 -2.29652971e+08  2.54180735e+09\n",
      "  -3.23009694e+08 -2.44002083e+08 -4.96353840e+08 -5.55593511e+08\n",
      "  -2.62587054e+08 -7.41748028e+07 -1.20147496e+06  1.47073453e+07\n",
      "   1.61756474e+07  1.09760063e+07  0.00000000e+00]\n",
      " [-6.24510689e+06 -9.31995024e+06 -1.06621680e+07  1.65408434e+08\n",
      "  -1.21673217e+07 -2.76934889e+07 -3.94967418e+07 -2.65887235e+07\n",
      "  -1.45659380e+07 -9.72249236e+06 -1.58655708e+06  2.25268512e+05\n",
      "   1.26965429e+06 -1.89125141e+08 -2.82295301e+08 -3.23009580e+08\n",
      "   5.01179203e+09 -3.68830931e+08 -8.39784686e+08 -1.19849167e+09\n",
      "  -8.07372664e+08 -4.42637129e+08 -2.95666262e+08 -4.82983897e+07\n",
      "   6.81552500e+06  3.86083719e+07  0.00000000e+00]\n",
      " [-4.09309389e+06 -6.57821680e+06 -8.05872283e+06 -1.21673217e+07\n",
      "   1.94254032e+08 -2.82831219e+07 -4.75174868e+07 -3.72681750e+07\n",
      "  -2.37548892e+07 -1.82310911e+07 -3.75340050e+06 -4.77480714e+05\n",
      "   1.71717047e+06 -1.23679823e+08 -1.98988944e+08 -2.44001869e+08\n",
      "  -3.68830767e+08  5.88530024e+09 -8.59272402e+08 -1.44570254e+09\n",
      "  -1.13512056e+09 -7.24152043e+08 -5.56051066e+08 -1.14494050e+08\n",
      "  -1.45016870e+07  5.24984472e+07  0.00000000e+00]\n",
      " [-6.63019548e+06 -1.21260895e+07 -1.64054118e+07 -2.76934889e+07\n",
      "  -2.82831219e+07  5.32065196e+08 -1.44886766e+08 -1.22802684e+08\n",
      "  -8.33704200e+07 -6.72940944e+07 -1.49408476e+07 -3.18516218e+06\n",
      "   5.12149738e+06 -1.99485682e+08 -3.66053290e+08 -4.96353066e+08\n",
      "  -8.39783905e+08 -8.59272058e+08  1.61119396e+10 -4.41460151e+09\n",
      "  -3.74533416e+09 -2.54425659e+09 -2.05412051e+09 -4.55879281e+08\n",
      "  -9.66510046e+07  1.57120182e+08  0.00000000e+00]\n",
      " [-2.53236111e+06 -9.95221800e+06 -1.83984083e+07 -3.94967418e+07\n",
      "  -4.75174868e+07 -1.44886766e+08  9.48494499e+08 -2.74533147e+08\n",
      "  -1.96427435e+08 -1.65613059e+08 -3.96210198e+07 -1.22275901e+07\n",
      "   8.26836567e+06 -7.30987384e+07 -2.98030261e+08 -5.55591681e+08\n",
      "  -1.19848950e+09 -1.44570113e+09 -4.41459935e+09  2.86758214e+10\n",
      "  -8.38133378e+09 -5.99852707e+09 -5.05705057e+09 -1.20869745e+09\n",
      "  -3.70857751e+08  2.55533497e+08  0.00000000e+00]\n",
      " [ 3.34656197e+06 -1.33538248e+06 -8.72784516e+06 -2.65887235e+07\n",
      "  -3.72681750e+07 -1.22802684e+08 -2.74533147e+08  8.83824562e+08\n",
      "  -1.91853090e+08 -1.67121640e+08 -4.28365751e+07 -1.73446945e+07\n",
      "   2.93634066e+06  1.05012781e+08 -3.69600214e+07 -2.62585318e+08\n",
      "  -8.07370428e+08 -1.13511889e+09 -3.74533090e+09 -8.38133091e+09\n",
      "   2.67169794e+10 -5.85968600e+09 -5.10256081e+09 -1.30608622e+09\n",
      "  -5.25903052e+08  9.39486991e+07  0.00000000e+00]\n",
      " [ 4.97269438e+06  2.61288496e+06 -2.49373852e+06 -1.45659380e+07\n",
      "  -2.37548892e+07 -8.33704200e+07 -1.96427435e+08 -1.91853090e+08\n",
      "   6.99293034e+08 -1.32710267e+08 -3.73357893e+07 -1.99462298e+07\n",
      "  -4.56995648e+06  1.53354537e+08  8.17704602e+07 -7.41735760e+07\n",
      "  -4.42635413e+08 -7.24150610e+08 -2.54425336e+09 -5.99852286e+09\n",
      "  -5.85968394e+09  2.11538377e+10 -4.04991584e+09 -1.13731697e+09\n",
      "  -6.04635723e+08 -1.34771606e+08  0.00000000e+00]\n",
      " [ 5.46449264e+06  4.04682908e+06 -7.77381473e+04 -9.72249236e+06\n",
      "  -1.82310911e+07 -6.72940944e+07 -1.65613059e+08 -1.67121640e+08\n",
      "  -1.32710267e+08  6.39080505e+08 -4.06857439e+07 -2.83133585e+07\n",
      "  -1.47460402e+07  1.67808350e+08  1.24784827e+08 -1.20052798e+06\n",
      "  -2.95664765e+08 -5.56049639e+08 -2.05411686e+09 -5.05704458e+09\n",
      "  -5.10255662e+09 -4.04991400e+09  1.93399877e+10 -1.23781055e+09\n",
      "  -8.58113020e+08 -4.43721504e+08  0.00000000e+00]\n",
      " [ 1.52993141e+06  1.35870316e+06  4.77399623e+05 -1.58655708e+06\n",
      "  -3.75340050e+06 -1.49408476e+07 -3.96210198e+07 -4.28365751e+07\n",
      "  -3.73357893e+07 -4.06857439e+07  2.09199800e+08 -1.51024858e+07\n",
      "  -1.16078912e+07  4.68257447e+07  4.16231626e+07  1.47074916e+07\n",
      "  -4.82980292e+07 -1.14493590e+08 -4.55877846e+08 -1.20869447e+09\n",
      "  -1.30608362e+09 -1.13731530e+09 -1.23780948e+09  6.33765120e+09\n",
      "  -4.57649169e+08 -3.51070130e+08  0.00000000e+00]\n",
      " [ 5.35632072e+05  6.47895928e+05  5.33497900e+05  2.25268512e+05\n",
      "  -4.77480714e+05 -3.18516218e+06 -1.22275901e+07 -1.73446945e+07\n",
      "  -1.99462298e+07 -2.83133585e+07 -1.51024858e+07  1.19808602e+08\n",
      "  -1.65562806e+07  1.62502264e+07  1.96511604e+07  1.61755575e+07\n",
      "   6.81562594e+06 -1.45013708e+07 -9.66497115e+07 -3.70854441e+08\n",
      "  -5.25899773e+08 -6.04633298e+08 -8.58111014e+08 -4.57648758e+08\n",
      "   3.63017295e+09 -5.01623246e+08  0.00000000e+00]\n",
      " [-3.01310328e+05 -4.76319824e+04  3.67132225e+05  1.26965429e+06\n",
      "   1.71717047e+06  5.12149738e+06  8.26836567e+06  2.93634066e+06\n",
      "  -4.56995648e+06 -1.47460402e+07 -1.16078912e+07 -1.65562806e+07\n",
      "   3.76185626e+07 -9.41658261e+06 -1.72137621e+06  1.09757737e+07\n",
      "   3.86082777e+07  5.24986051e+07  1.57121130e+08  2.55536392e+08\n",
      "   9.39518085e+07 -1.34769133e+08 -4.43719245e+08 -3.51069519e+08\n",
      "  -5.01622968e+08  1.13943900e+09  0.00000000e+00]\n",
      " [ 5.97330107e+08 -1.54222549e+08 -1.60603845e+08 -1.89125141e+08\n",
      "  -1.23679823e+08 -1.99485682e+08 -7.30987384e+07  1.05012781e+08\n",
      "   1.53354537e+08  1.67808350e+08  4.68257447e+07  1.62502264e+07\n",
      "  -9.41658261e+06  4.85380836e+10 -1.24987704e+10 -1.30290604e+10\n",
      "  -1.53718841e+10 -1.00876929e+10 -1.63806388e+10 -6.40121885e+09\n",
      "   8.06578110e+09  1.21106629e+10  1.33417540e+10  3.74270928e+09\n",
      "   1.31703872e+09 -7.28013153e+08  0.00000000e+00]\n",
      " [-1.54222579e+08  1.53510560e+09 -2.29652971e+08 -2.82295301e+08\n",
      "  -1.98988944e+08 -3.66053290e+08 -2.98030261e+08 -3.69600214e+07\n",
      "   8.17704602e+07  1.24784827e+08  4.16231626e+07  1.96511604e+07\n",
      "  -1.72137621e+06 -1.24987704e+10  1.24696569e+11 -1.86371527e+10\n",
      "  -2.29382143e+10 -1.62026386e+10 -2.99033249e+10 -2.46561768e+10\n",
      "  -3.45187189e+09  6.30632005e+09  9.85537113e+09  3.32180749e+09\n",
      "   1.59331255e+09 -1.04047119e+08  0.00000000e+00]\n",
      " [-1.60603912e+08 -2.29653021e+08  2.54180735e+09 -3.23009580e+08\n",
      "  -2.44001869e+08 -4.96353066e+08 -5.55591681e+08 -2.62585318e+08\n",
      "  -7.41735760e+07 -1.20052798e+06  1.47074916e+07  1.61755575e+07\n",
      "   1.09757737e+07 -1.30290604e+10 -1.86371527e+10  2.06436175e+11\n",
      "  -2.62392090e+10 -1.98389295e+10 -4.04049282e+10 -4.53655587e+10\n",
      "  -2.15684919e+10 -6.20448409e+09 -2.48022098e+08  1.16283701e+09\n",
      "   1.31225479e+09  9.10680034e+08  0.00000000e+00]\n",
      " [-1.89125300e+08 -2.82295470e+08 -3.23009694e+08  5.01179203e+09\n",
      "  -3.68830767e+08 -8.39783905e+08 -1.19848950e+09 -8.07370428e+08\n",
      "  -4.42635413e+08 -2.95664765e+08 -4.82980292e+07  6.81562594e+06\n",
      "   3.86082777e+07 -1.53718841e+10 -2.29382143e+10 -2.62392090e+10\n",
      "   4.07030259e+11 -2.99340851e+10 -6.81189349e+10 -9.71194601e+10\n",
      "  -6.53562629e+10 -3.57896369e+10 -2.38800122e+10 -3.89474408e+09\n",
      "   5.54761743e+08  3.11859331e+09  0.00000000e+00]\n",
      " [-1.23680023e+08 -1.98989186e+08 -2.44002083e+08 -3.68830931e+08\n",
      "   5.88530024e+09 -8.59272058e+08 -1.44570113e+09 -1.13511889e+09\n",
      "  -7.24150610e+08 -5.56049639e+08 -1.14493590e+08 -1.45013708e+07\n",
      "   5.24986051e+07 -1.00876929e+10 -1.62026386e+10 -1.98389295e+10\n",
      "  -2.99340851e+10  4.78034602e+11 -6.94954841e+10 -1.16663439e+11\n",
      "  -9.14431601e+10 -5.82581327e+10 -4.46981054e+10 -9.20169829e+09\n",
      "  -1.17337010e+09  4.20453458e+09  0.00000000e+00]\n",
      " [-1.99486297e+08 -3.66054087e+08 -4.96353840e+08 -8.39784686e+08\n",
      "  -8.59272402e+08  1.61119396e+10 -4.41459935e+09 -3.74533090e+09\n",
      "  -2.54425336e+09 -2.05411686e+09 -4.55877846e+08 -9.66497115e+07\n",
      "   1.57121130e+08 -1.63806388e+10 -2.99033249e+10 -4.04049282e+10\n",
      "  -6.81189349e+10 -6.94954841e+10  1.30970608e+12 -3.55419690e+11\n",
      "  -3.01079250e+11 -2.04330131e+11 -1.64907049e+11 -3.66213117e+10\n",
      "  -7.83122656e+09  1.25148284e+10  0.00000000e+00]\n",
      " [-7.31000026e+07 -2.98032006e+08 -5.55593511e+08 -1.19849167e+09\n",
      "  -1.44570254e+09 -4.41460151e+09  2.86758214e+10 -8.38133091e+09\n",
      "  -5.99852286e+09 -5.05704458e+09 -1.20869447e+09 -3.70854441e+08\n",
      "   2.55536392e+08 -6.40121885e+09 -2.46561768e+10 -4.53655587e+10\n",
      "  -9.71194601e+10 -1.16663439e+11 -3.55419690e+11  2.33688695e+12\n",
      "  -6.72683404e+11 -4.81221327e+11 -4.05749696e+11 -9.71227250e+10\n",
      "  -3.00717482e+10  2.01182775e+10  0.00000000e+00]\n",
      " [ 1.05011689e+08 -3.69615978e+07 -2.62587054e+08 -8.07372664e+08\n",
      "  -1.13512056e+09 -3.74533416e+09 -8.38133378e+09  2.67169794e+10\n",
      "  -5.85968394e+09 -5.10255662e+09 -1.30608362e+09 -5.25899773e+08\n",
      "   9.39518085e+07  8.06578110e+09 -3.45187189e+09 -2.15684919e+10\n",
      "  -6.53562629e+10 -9.14431601e+10 -3.01079250e+11 -6.72683404e+11\n",
      "   2.17773536e+12 -4.69970656e+11 -4.09466641e+11 -1.05036386e+11\n",
      "  -4.26636985e+10  6.99810975e+09  0.00000000e+00]\n",
      " [ 1.53353845e+08  8.17694053e+07 -7.41748028e+07 -4.42637129e+08\n",
      "  -7.24152043e+08 -2.54425659e+09 -5.99852707e+09 -5.85968600e+09\n",
      "   2.11538377e+10 -4.04991400e+09 -1.13731530e+09 -6.04633298e+08\n",
      "  -1.34769133e+08  1.21106629e+10  6.30632005e+09 -6.20448409e+09\n",
      "  -3.57896369e+10 -5.82581327e+10 -2.04330131e+11 -4.81221327e+11\n",
      "  -4.69970656e+11  1.72236910e+12 -3.25244477e+11 -9.15960902e+10\n",
      "  -4.90698352e+10 -1.14146972e+10  0.00000000e+00]\n",
      " [ 1.67807917e+08  1.24784087e+08 -1.20147496e+06 -2.95666262e+08\n",
      "  -5.56051066e+08 -2.05412051e+09 -5.05705057e+09 -5.10256081e+09\n",
      "  -4.04991584e+09  1.93399877e+10 -1.23780948e+09 -8.58111014e+08\n",
      "  -4.43719245e+08  1.33417540e+10  9.85537113e+09 -2.48022098e+08\n",
      "  -2.38800122e+10 -4.46981054e+10 -1.64907049e+11 -4.05749696e+11\n",
      "  -4.09466641e+11 -3.25244477e+11  1.57371860e+12 -9.98856158e+10\n",
      "  -6.96613564e+10 -3.64273870e+10  0.00000000e+00]\n",
      " [ 4.68257538e+07  4.16231046e+07  1.47073453e+07 -4.82983897e+07\n",
      "  -1.14494050e+08 -4.55879281e+08 -1.20869745e+09 -1.30608622e+09\n",
      "  -1.13731697e+09 -1.23781055e+09  6.33765120e+09 -4.57648758e+08\n",
      "  -3.51069519e+08  3.74270928e+09  3.32180749e+09  1.16283701e+09\n",
      "  -3.89474408e+09 -9.20169829e+09 -3.66213117e+10 -9.71227250e+10\n",
      "  -1.05036386e+11 -9.15960902e+10 -9.98856158e+10  5.14836688e+11\n",
      "  -3.71611657e+10 -2.85937516e+10  0.00000000e+00]\n",
      " [ 1.62504106e+07  1.96513366e+07  1.61756474e+07  6.81552500e+06\n",
      "  -1.45016870e+07 -9.66510046e+07 -3.70857751e+08 -5.25903052e+08\n",
      "  -6.04635723e+08 -8.58113020e+08 -4.57649169e+08  3.63017295e+09\n",
      "  -5.01622968e+08  1.31703872e+09  1.59331255e+09  1.31225479e+09\n",
      "   5.54761743e+08 -1.17337010e+09 -7.83122656e+09 -3.00717482e+10\n",
      "  -4.26636985e+10 -4.90698352e+10 -6.96613564e+10 -3.71611657e+10\n",
      "   2.94818874e+11 -4.07422004e+10  0.00000000e+00]\n",
      " [-9.41631517e+06 -1.72107524e+06  1.09760063e+07  3.86083719e+07\n",
      "   5.24984472e+07  1.57120182e+08  2.55533497e+08  9.39486991e+07\n",
      "  -1.34771606e+08 -4.43721504e+08 -3.51070130e+08 -5.01623246e+08\n",
      "   1.13943900e+09 -7.28013153e+08 -1.04047119e+08  9.10680034e+08\n",
      "   3.11859331e+09  4.20453458e+09  1.25148284e+10  2.01182775e+10\n",
      "   6.99810975e+09 -1.14146972e+10 -3.64273870e+10 -2.85937516e+10\n",
      "  -4.07422004e+10  9.25878576e+10  0.00000000e+00]\n",
      " [ 0.00000000e+00  0.00000000e+00  0.00000000e+00  0.00000000e+00\n",
      "   0.00000000e+00  0.00000000e+00  0.00000000e+00  0.00000000e+00\n",
      "   0.00000000e+00  0.00000000e+00  0.00000000e+00  0.00000000e+00\n",
      "   0.00000000e+00  0.00000000e+00  0.00000000e+00  0.00000000e+00\n",
      "   0.00000000e+00  0.00000000e+00  0.00000000e+00  0.00000000e+00\n",
      "   0.00000000e+00  0.00000000e+00  0.00000000e+00  0.00000000e+00\n",
      "   0.00000000e+00  0.00000000e+00  8.69107926e+06]]\n",
      "eigenvalues :  [2.94249708e+12 2.39596937e+12 1.95972981e+12 1.52879773e+12\n",
      " 6.84746611e+11 5.07427829e+11 4.43465833e+11 3.22157755e+11\n",
      " 2.20010197e+11 1.33813704e+11 8.67618565e+10 4.61431902e+10\n",
      " 1.75806498e+10 7.49421140e+08 6.10313399e+08 4.99141729e+08\n",
      " 3.89416291e+08 1.74802154e+08 5.06089215e+06 1.18810881e+07\n",
      " 2.21918917e+07 3.42307102e+07 1.29247363e+08 1.13004640e+08\n",
      " 5.60980038e+07 8.21115355e+07 8.69107926e+06]\n",
      "condition number :  581418.6488228319\n",
      "eigenvalues :  [1.47124854e+12 1.19798469e+12 9.79864903e+11 7.64398865e+11\n",
      " 3.42373306e+11 2.53713914e+11 2.21732917e+11 1.61078877e+11\n",
      " 1.10005098e+11 6.69068520e+10 4.33809282e+10 2.30715951e+10\n",
      " 8.79032491e+09 3.74710570e+08 3.05156700e+08 2.49570865e+08\n",
      " 1.94708145e+08 8.74010769e+07 2.53044608e+06 5.94054405e+06\n",
      " 1.10959459e+07 1.71153551e+07 6.46236815e+07 5.65023202e+07\n",
      " 2.80490019e+07 4.10557678e+07 4.34553963e+06]\n",
      "condition number :  581418.6488228319\n"
     ]
    },
    {
     "name": "stderr",
     "output_type": "stream",
     "text": [
      "/Users/mag/Documents/PHD1Y/Space_Work/Pixel_non_P2D/MICMAC/micmac/harmonic_Fisher_tools.py:132: RuntimeWarning: invalid value encountered in divide\n",
      "  m_drdr = (Sc_dr/(Sc+Nc))**2\n"
     ]
    }
   ],
   "source": [
    "Fisher_matrix = micmac.full_fisher(mixing_matrix_obj, exact_params_mixing_matrix, Cl_lens, Cl_prim, data_map_extended, MICMAC_sampler_obj.lmax, inv_Nl, \n",
    "                            lmin=MICMAC_sampler_obj.lmin, r_start=MICMAC_sampler_obj.r_true, mode=mode_Fisher, Sc_approx=c_ell_approx)"
   ]
  },
  {
   "cell_type": "code",
   "execution_count": 12,
   "metadata": {},
   "outputs": [],
   "source": [
    "sqrt_inv_Fisher = sp.linalg.sqrtm(np.linalg.pinv(Fisher_matrix))"
   ]
  },
  {
   "cell_type": "code",
   "execution_count": 13,
   "metadata": {},
   "outputs": [
    {
     "data": {
      "text/plain": [
       "array([4.28701253e-04, 2.77690762e-04, 2.24924052e-04, 1.74277710e-04,\n",
       "       1.66693838e-04, 1.22848503e-04, 1.07811079e-04, 1.10864796e-04,\n",
       "       1.17626249e-04, 1.19358151e-04, 1.64255176e-04, 1.98384900e-04,\n",
       "       3.20246086e-04, 6.91768577e-06, 4.50162272e-06, 3.66220200e-06,\n",
       "       2.85633743e-06, 2.74056499e-06, 2.03974797e-06, 1.80163190e-06,\n",
       "       1.85250897e-06, 1.96142108e-06, 1.98757384e-06, 2.70400892e-06,\n",
       "       3.24202547e-06, 5.18102813e-06, 4.79709305e-04])"
      ]
     },
     "execution_count": 13,
     "metadata": {},
     "output_type": "execute_result"
    }
   ],
   "source": [
    "np.diag(sqrt_inv_Fisher)"
   ]
  },
  {
   "cell_type": "code",
   "execution_count": 14,
   "metadata": {},
   "outputs": [
    {
     "name": "stdout",
     "output_type": "stream",
     "text": [
      "Saving Fisher matrix in /Users/mag/Documents/PHD1Y/Space_Work/Pixel_non_P2D/MICMAC/test_playground/Fisher_matrix_LiteBIRD_EB_model_d0s0_noise_True_seed_42_lmin2_lmax128_v2.txt\n"
     ]
    }
   ],
   "source": [
    "path_dir_Fisher = '/Users/mag/Documents/PHD1Y/Space_Work/Pixel_non_P2D/MICMAC/test_playground/'\n",
    "\n",
    "lmin = MICMAC_sampler_obj.lmin\n",
    "lmax = MICMAC_sampler_obj.lmax\n",
    "r_true = MICMAC_sampler_obj.r_true\n",
    "name_Fisher = 'Fisher_matrix_'+instr_name+'_'+mode_Fisher+'_model_'+model+'_noise_'+str(noise)+'_seed_'+str(noise_seed)+f'_lmin{lmin}_lmax{lmax}'+'_v2.txt'\n",
    "\n",
    "print('Saving Fisher matrix in', path_dir_Fisher + name_Fisher)\n",
    "np.savetxt(path_dir_Fisher + name_Fisher, Fisher_matrix)\n"
   ]
  },
  {
   "cell_type": "code",
   "execution_count": null,
   "metadata": {},
   "outputs": [],
   "source": []
  }
 ],
 "metadata": {
  "kernelspec": {
   "display_name": "non_param_silver",
   "language": "python",
   "name": "python3"
  },
  "language_info": {
   "codemirror_mode": {
    "name": "ipython",
    "version": 3
   },
   "file_extension": ".py",
   "mimetype": "text/x-python",
   "name": "python",
   "nbconvert_exporter": "python",
   "pygments_lexer": "ipython3",
   "version": "3.9.16"
  }
 },
 "nbformat": 4,
 "nbformat_minor": 2
}
